2 0.638376 153.590912 142.106003 176.180145 229.967606
2 0.636862 498.784271 160.158813 516.360535 230.942993
2 0.522450 600.255005 152.660202 635.284119 280.158051
2 0.491509 921.798462 147.742020 1031.265747 347.368652
2 0.436381 536.477478 164.622543 551.120483 228.956558
2 0.426859 631.818054 152.313583 662.033569 277.848206
2 0.359317 546.707703 170.162003 561.914246 228.981827
2 0.356069 216.391525 141.378403 237.725006 206.201782
2 0.342584 921.527954 150.107178 991.683960 347.714722
2 0.272024 552.555237 171.138748 566.314758 228.797836
2 0.257776 252.629745 144.390244 272.252380 209.017273
