2 0.685796 581.859497 148.541504 621.570068 275.548920
2 0.648476 924.817139 170.630753 988.020752 310.047058
2 0.584234 219.302292 139.437088 242.855179 232.543579
2 0.437968 320.815979 153.717682 345.796875 238.189957
2 0.432727 363.484070 152.206741 383.104156 238.345520
2 0.423926 255.105911 158.789337 273.953918 231.466400
2 0.417445 377.312042 157.617065 395.501617 238.960541
2 0.413792 300.970978 153.126282 321.215729 232.593109
2 0.349531 281.740204 155.296875 300.780365 229.183945
2 0.261770 621.293579 164.354202 638.685425 217.138779
