2 0.668079 543.329224 157.529800 582.403320 264.435272
2 0.628725 503.014923 154.676682 535.519897 266.694550
2 0.553760 360.360657 150.426834 390.841003 260.671722
1 0.550057 149.382965 157.238342 208.992432 201.341537
1 0.539406 604.214233 170.708130 636.915222 207.690231
2 0.420559 436.939117 156.850037 466.496765 261.026306
2 0.323522 319.464874 149.570801 349.773163 244.720062
2 0.279059 554.057678 156.182098 580.615906 260.984406
2 0.273549 335.113220 151.886002 358.247162 250.788101
2 0.261468 339.434448 154.779587 358.976898 237.797104
