2 0.676126 406.528442 152.544495 438.456787 251.728943
2 0.634697 281.414368 152.958527 306.737762 244.845322
2 0.616190 458.567810 150.148254 483.322968 250.889008
2 0.511579 307.381042 152.056778 325.961945 239.294388
1 0.414853 151.565430 157.997162 200.723160 199.743652
2 0.414539 349.817505 154.763123 372.360199 244.931961
2 0.362004 310.154846 150.838608 331.011169 244.062805
2 0.355446 326.152496 154.675949 346.764648 242.035645
2 0.307552 359.362244 158.232849 380.035950 244.704300
1 0.306127 371.234833 176.076294 410.060608 225.198074
