2 0.685462 576.884460 149.596634 618.464844 274.281281
2 0.629321 922.651367 165.048737 965.793518 311.252869
2 0.586667 216.946701 136.783386 241.663635 231.872787
1 0.511011 596.698486 164.690140 638.484375 210.064621
2 0.482064 321.469421 152.616562 343.979156 238.095337
2 0.445766 254.500992 158.057419 272.921570 231.417313
2 0.349267 364.131622 151.629044 382.041626 237.589401
2 0.348009 302.941498 152.537857 321.611908 232.177124
2 0.298826 285.339111 154.382950 302.365021 229.919281
1 0.267300 608.911499 164.387726 638.318726 211.678558
2 0.261662 279.576111 153.101044 298.275909 228.941086
2 0.255586 355.436432 152.279297 374.892059 238.101624
