2 0.628813 980.041260 165.047012 1021.229065 306.617615
2 0.591721 219.897522 141.333023 243.563492 232.646057
2 0.585076 941.341980 158.309052 992.183777 312.608368
2 0.544862 323.398560 149.773514 348.713593 237.495804
2 0.522535 372.800323 148.431198 395.704254 240.478714
2 0.389090 304.481995 151.205002 323.634430 230.779449
2 0.363776 618.327209 153.547836 637.168213 235.763550
2 0.359319 255.800064 159.390579 276.016113 232.593079
2 0.359242 592.047974 151.527588 623.751465 271.426514
2 0.338058 288.356628 155.584976 305.646973 229.546432
2 0.327415 260.921478 162.038940 280.382751 231.100708
2 0.288998 284.507477 155.396240 302.475006 228.989563
2 0.287012 366.383209 147.377060 392.969421 239.941360
2 0.260546 616.300781 151.771713 636.783325 258.566711
