2 0.614643 221.452499 142.805847 244.368988 233.649811
2 0.558667 324.352753 151.600159 348.868774 238.949371
2 0.543873 375.952026 152.990921 396.610138 239.974197
2 0.496234 614.485779 148.953705 643.605713 277.022797
2 0.453631 260.949646 163.440048 281.114990 232.046646
2 0.391123 305.099396 149.656021 324.006866 231.255432
2 0.340304 596.350769 148.763916 628.590637 275.263336
2 0.329238 953.539307 152.765778 995.502625 315.368408
2 0.316403 256.426910 157.431442 277.137207 231.606583
2 0.309421 285.336182 155.740341 301.950653 229.689499
2 0.303535 597.750122 158.440750 623.113464 268.603790
2 0.274759 281.419220 155.623215 299.623016 229.688522
