2 0.662251 415.750458 156.175308 449.354614 272.644043
2 0.638251 575.155334 157.069458 612.084412 275.583374
2 0.585498 622.008972 163.192780 653.303650 272.591888
1 0.582589 148.781143 155.163589 209.842010 201.091476
2 0.575511 497.901642 159.534134 523.298035 266.827728
2 0.546170 349.555786 152.739319 377.939423 249.574890
2 0.508687 462.220520 154.991592 488.689362 267.341949
2 0.507410 351.953369 149.335556 384.533356 253.812607
2 0.306680 582.053467 158.264511 619.572632 273.967529
2 0.295154 537.641479 161.167664 552.187744 207.609039
