2 0.634154 465.042175 157.598801 504.359955 266.423615
2 0.633245 338.382782 146.509216 368.445648 249.170074
1 0.601879 148.477676 154.751236 207.740402 201.964905
2 0.596528 538.411072 153.943573 572.632324 270.490967
2 0.578778 385.881470 153.581528 421.688324 265.834381
2 0.563672 436.099640 153.070038 464.651215 266.969818
2 0.525628 591.481018 154.008926 616.928406 264.308655
2 0.447283 565.387085 150.956055 604.993042 271.431732
2 0.343553 293.120148 148.483292 309.960266 208.231262
2 0.342714 520.717712 160.826904 536.494324 210.659775
2 0.314143 306.028381 148.559891 322.560944 212.236115
2 0.299334 584.082642 153.601410 611.094727 269.165222
