2 0.728291 526.358643 156.376984 573.261169 270.905518
2 0.681205 569.039124 156.998978 607.889465 270.796143
1 0.627823 148.962540 155.455200 208.291367 201.980576
2 0.540110 463.830811 157.193909 497.823608 265.689026
2 0.527668 338.048645 149.381195 367.678162 250.069122
2 0.481877 432.216125 154.504883 462.223572 267.260620
2 0.474343 379.276642 154.816208 412.748596 267.192444
2 0.336075 293.794250 149.699844 308.737549 205.225845
2 0.325228 579.093323 160.545441 610.838440 271.364716
2 0.296270 519.132812 161.704041 535.371826 211.534073
