2 0.625218 570.650330 165.385345 606.825989 286.189178
2 0.619242 528.650085 155.320587 564.916443 290.375153
2 0.519355 423.128479 156.796967 446.313904 265.841217
2 0.507754 496.681366 161.984573 521.418579 263.972992
2 0.481023 613.467407 158.598801 639.501343 282.806671
2 0.371818 441.337402 156.701614 468.108063 267.565796
2 0.344445 607.993652 161.302826 631.567261 280.968323
2 0.337576 568.760315 167.892883 595.630859 286.689789
2 0.289334 622.025452 157.476074 644.768494 282.014893
2 0.280480 461.959106 164.960083 485.386749 263.075958
2 0.275936 458.606934 160.086182 479.642365 268.366577
