2 0.590774 533.032959 150.351837 571.809143 293.090271
2 0.483895 588.622620 156.996460 621.232971 289.485718
2 0.478572 503.158722 161.335999 526.017334 261.965637
2 0.438804 428.150909 152.546387 449.927643 263.045563
2 0.407577 578.409363 160.266235 618.981873 289.887543
2 0.350809 627.624268 155.798233 654.304626 282.084656
2 0.302764 452.261017 157.551407 479.300201 269.167572
2 0.298558 623.235962 157.224075 649.117554 280.235016
2 0.253426 569.370239 158.199402 594.602234 285.232727
2 0.252442 593.477783 159.115036 616.849365 286.554199
