2 0.726927 593.711670 155.076874 646.338379 280.503387
2 0.669884 430.042786 155.780716 469.232147 275.672546
2 0.625355 473.983856 155.140350 509.585999 276.229706
2 0.601130 361.110657 143.546890 386.700592 253.502838
2 0.563723 513.003418 157.576431 550.038513 268.074310
1 0.449938 149.740692 155.159424 212.505249 200.759018
2 0.296411 404.656891 155.607666 430.729797 251.218216
2 0.294561 551.358765 161.239838 566.002075 210.018417
2 0.294527 479.417999 158.490448 505.788696 269.659210
2 0.269587 385.678619 154.199081 405.735840 248.573212
