2 0.621899 512.393860 154.709366 542.397461 266.629547
2 0.579873 554.477905 151.871384 583.291565 264.603455
2 0.571872 440.464813 154.222382 470.146759 265.284821
1 0.536025 150.812851 157.078766 207.616714 201.601212
1 0.493592 605.375671 171.577408 636.668945 207.752899
2 0.423336 409.938019 155.703094 434.561066 257.715485
2 0.408562 325.764252 149.343399 353.398682 245.967056
2 0.356498 373.595856 150.889450 401.374908 251.126038
2 0.330287 404.942261 155.199326 430.130798 256.490143
2 0.324383 363.672516 146.642365 389.937592 256.562653
2 0.302310 395.373016 154.417969 417.987885 253.904541
2 0.282114 359.727203 150.986771 384.471710 251.189957
2 0.258670 332.325531 151.958649 357.772034 250.861816
