2 0.663183 573.091431 155.367386 609.393799 273.110199
2 0.621021 216.941925 137.174469 241.138397 233.177246
2 0.500907 253.806992 156.443481 272.925720 231.682983
2 0.424098 319.440674 151.733856 340.710571 234.582687
2 0.423890 944.488403 166.919540 991.112732 300.659180
2 0.410443 355.316406 152.602661 374.719818 235.192993
1 0.388048 600.232666 166.624115 638.088745 207.650162
2 0.346204 362.242950 152.108322 378.441315 232.112549
2 0.301461 303.251556 150.621933 321.841278 232.489349
1 0.296491 152.438477 154.006897 255.650620 203.350388
2 0.282497 916.606506 160.031586 954.021790 307.677338
2 0.267638 285.668945 153.859344 302.711060 230.079346
2 0.253771 288.774689 155.441589 308.320648 229.296341
