2 0.746490 595.379028 157.990662 646.829102 275.189789
2 0.699144 561.111328 152.706100 600.825073 276.326324
2 0.661258 399.582458 151.923645 443.610138 271.837555
2 0.553672 343.912933 149.268845 366.973785 251.907990
2 0.553631 447.998413 153.572556 477.552612 268.691132
2 0.530514 490.577209 166.404434 515.407654 263.946106
2 0.449247 412.519043 154.178574 442.191528 270.066528
2 0.432139 455.315704 155.255295 479.568298 268.123596
1 0.393159 148.758438 154.776840 209.252853 201.137878
2 0.384359 361.815369 148.662949 392.513702 258.588196
2 0.300104 346.410919 145.235596 376.829742 254.996124
2 0.252922 532.206848 161.474579 546.697510 211.754822
