2 0.585923 222.892075 147.490540 245.581787 233.646271
2 0.538016 610.973694 144.901489 654.049011 279.127197
2 0.491834 376.628815 149.807556 396.780518 240.479996
2 0.437074 262.523468 159.580505 283.377228 232.400085
2 0.434957 323.997833 151.100113 349.537262 239.203995
2 0.365144 300.962555 151.207428 321.310089 231.209106
2 0.302361 320.718384 152.136490 344.111877 238.020981
2 0.300757 599.844482 134.213501 637.379822 280.188904
2 0.284217 257.340363 152.972931 278.020203 231.423523
2 0.260542 277.651917 151.416092 296.560059 231.047653
