2 0.689654 552.792053 150.774002 590.583008 271.027435
2 0.627604 472.144287 155.287354 507.400299 263.087769
2 0.623422 390.405273 150.550934 428.163757 269.314697
2 0.588660 597.686401 156.359222 627.555237 268.198853
2 0.579355 438.536041 151.026703 469.541260 268.358551
1 0.558765 148.321060 154.228073 208.043503 202.193481
2 0.554698 341.261230 148.238770 367.254486 251.465576
2 0.380530 344.577271 145.299652 372.462189 254.322159
2 0.380394 523.511841 159.408493 538.698242 207.654068
2 0.367171 357.032715 151.386581 380.420380 251.813538
2 0.322920 292.464935 149.844604 309.783966 209.917526
2 0.271185 358.523041 147.198715 386.504913 254.741531
2 0.260196 549.640991 157.057159 578.264832 270.697418
