2 0.646982 435.256256 154.219452 463.890289 261.516785
2 0.614481 480.575806 151.945770 506.066650 249.707458
2 0.591904 293.110016 151.078522 331.149506 248.954651
2 0.517640 381.147675 158.730515 406.868927 245.843735
2 0.344099 346.386414 151.199768 368.459625 247.171753
1 0.283820 150.832840 157.034195 207.150406 199.760300
2 0.278168 335.148865 150.947495 355.727295 247.806763
2 0.274584 351.005707 148.605438 373.277954 247.451736
2 0.273976 906.906555 155.454102 947.062805 319.435211
2 0.252857 354.034363 153.118042 377.275330 246.664124
