2 0.589120 240.116074 146.978683 264.148254 238.303970
2 0.547068 358.385529 153.495010 382.462921 245.158264
2 0.530623 405.421631 150.415314 434.028290 244.400330
2 0.433429 338.966736 151.595306 359.426392 237.101151
2 0.428415 286.222900 155.091248 306.352600 237.193756
2 0.424040 411.383087 155.138565 436.813538 244.084137
2 0.413638 313.880798 153.197800 335.870758 235.780518
2 0.370462 270.934326 161.427261 288.478943 235.612289
1 0.369145 149.801147 156.956955 203.288895 201.322647
2 0.319744 276.469025 155.477371 297.510864 236.950638
2 0.311386 317.735352 155.747238 339.541565 234.664413
2 0.292296 1065.721924 166.563263 1132.996216 328.278992
