2 0.636491 448.695312 152.338257 485.019867 277.363739
2 0.612507 528.421570 157.900696 564.555969 267.994629
2 0.605629 623.553040 155.446442 659.149475 281.127014
2 0.536310 493.661713 161.235535 524.150513 275.432312
2 0.528398 377.903625 151.098724 404.697235 254.412231
2 0.452667 381.432495 146.033051 414.171539 262.786438
2 0.445504 630.869019 159.761353 654.606995 277.296295
1 0.431060 150.509384 156.026688 214.694077 200.259384
2 0.418351 535.476013 159.103424 559.840820 267.914520
2 0.280198 399.412811 157.337524 419.936829 246.243973
