2 0.593260 524.531494 155.030487 564.449097 280.255585
2 0.551795 486.620728 154.092697 521.391907 283.742981
2 0.477332 399.467529 153.906265 432.729675 261.367401
2 0.442975 569.351257 159.140747 593.245544 272.129211
1 0.418908 605.550232 171.359894 637.303955 207.474792
2 0.412146 530.483704 155.404480 556.332886 273.689209
1 0.402558 151.542603 156.754974 220.059601 199.431290
2 0.362972 575.570190 159.093613 598.507202 271.933258
2 0.356516 468.029877 158.237473 491.468567 276.347290
2 0.343344 387.295624 155.260284 414.150757 252.084473
2 0.273952 419.785583 160.079224 445.563019 266.235168
2 0.273221 406.130829 154.957230 439.686127 266.103119
