2 0.581514 359.499481 153.139145 385.957245 246.222687
2 0.579357 243.890915 154.725113 267.322357 238.480896
2 0.513349 417.092041 153.611084 439.344971 244.585205
2 0.487065 289.750458 148.779449 311.091522 236.432465
2 0.479409 1075.377319 160.109344 1154.562988 332.117981
2 0.428661 340.601105 153.246262 359.707703 237.561539
2 0.380896 315.307373 155.912842 337.093018 236.726593
2 0.356543 271.007294 160.848282 289.151978 234.836960
2 0.334653 321.469849 157.020569 341.359863 236.512390
1 0.330040 149.516525 156.954514 201.035919 201.549057
2 0.261076 1130.575195 160.029831 1178.514526 330.429474
