2 0.660737 216.094284 132.593155 240.199707 232.642288
2 0.546477 252.718521 155.483017 272.284027 229.883636
2 0.499475 352.545929 149.978363 372.537506 236.325638
1 0.443779 155.900589 155.236725 253.177017 202.585434
2 0.420502 315.169037 148.127319 337.566406 235.003860
2 0.405710 922.671631 158.997208 981.892456 300.605011
2 0.396177 342.022003 143.638489 365.761597 236.078888
2 0.390550 562.026245 150.570236 592.784546 270.872345
2 0.382171 286.096436 152.101028 305.947144 230.509567
2 0.280005 576.904907 152.487228 600.262085 269.282562
2 0.257086 311.279236 150.838379 332.772552 237.053360
