2 0.621871 418.089081 153.341797 439.839600 243.744308
2 0.610971 245.603745 151.119812 270.809845 239.732483
2 0.547750 290.350372 146.852081 310.907074 237.951584
2 0.445032 361.513367 155.633347 386.735229 244.502975
2 0.404901 271.247955 151.868164 290.752319 235.929550
2 0.376511 1105.558228 146.561111 1212.177979 338.678406
2 0.366825 344.162292 154.592194 362.409637 236.578491
2 0.305510 326.410858 159.554596 344.143707 237.249969
2 0.299991 336.899567 157.836914 356.387665 238.463303
2 0.299698 357.288269 154.621048 379.495941 242.959595
1 0.284223 149.536530 156.820450 198.979965 201.002579
2 0.281726 367.541809 151.166473 395.030487 245.025711
2 0.260218 316.236237 160.022751 336.605957 237.057663
2 0.257874 275.092957 147.960648 295.229675 237.837433
