2 0.625784 217.328964 138.778748 240.103409 231.150742
2 0.618990 553.312561 152.904861 592.052612 270.665039
2 0.585695 252.532303 157.684586 271.670441 229.120987
1 0.549362 161.639755 157.017822 251.711258 203.984650
2 0.538692 348.421783 145.397110 369.745239 236.034363
2 0.376242 307.009552 151.231659 327.851227 234.065475
2 0.356230 322.082733 152.820908 340.472626 233.521286
2 0.347233 343.260498 137.185989 368.077087 237.888870
1 0.342982 603.409485 169.236954 638.012695 206.431503
2 0.337075 313.831329 150.884644 334.808807 233.968857
2 0.277057 287.637604 151.771301 304.591797 229.652512
