2 0.608974 235.063751 145.866653 261.054535 236.677124
2 0.605375 399.682861 153.207565 427.079468 243.143814
2 0.494402 1052.328247 158.277344 1107.985474 321.498566
2 0.462378 347.131470 154.034882 371.867828 245.333588
2 0.458115 317.833435 152.872879 338.783661 234.852234
2 0.427777 274.119232 156.750381 293.955139 235.186996
1 0.360989 150.164398 157.381454 202.528183 201.434738
2 0.341426 338.536438 155.664398 360.641266 244.261963
2 0.314241 1082.240356 159.930023 1137.423706 320.265320
2 0.282453 335.959839 155.403976 356.437744 238.348038
