2 0.677319 453.959320 155.693939 492.300659 279.279877
2 0.611892 531.787292 154.691849 565.104980 269.639496
2 0.581094 494.626373 164.870941 530.327637 275.394440
2 0.576151 378.210297 149.506714 407.636688 259.098999
2 0.542902 637.197998 150.857132 663.630859 282.151733
1 0.475263 151.144836 156.599182 215.158188 200.054855
2 0.438733 422.218445 158.605621 446.035767 252.170700
1 0.363484 603.523987 172.134415 632.307495 207.313110
2 0.347729 566.350220 166.485733 580.093811 216.093094
2 0.305909 539.737732 156.819122 561.678040 267.491547
2 0.274341 540.319458 157.468582 557.430969 242.227646
2 0.263693 412.143280 155.237595 432.334778 254.407974
