2 0.677933 407.448792 156.436966 444.870300 252.981827
2 0.641590 282.041229 150.719025 309.552216 246.970032
2 0.608265 461.484772 151.402191 485.204468 251.342072
1 0.481888 152.580658 157.619400 202.377090 199.518661
2 0.478207 309.714630 155.233398 328.844086 238.121872
2 0.395266 345.511414 152.725800 367.368744 245.159988
2 0.341984 369.001587 158.454712 387.683014 243.263199
2 0.341156 350.823273 154.344330 371.413239 244.054703
2 0.315650 334.868744 156.563034 356.074829 245.569962
1 0.269829 177.408844 158.077484 230.256516 199.769333
