2 0.652264 445.556183 150.624176 478.308441 249.707153
2 0.606888 274.166504 149.240936 298.111725 244.796661
2 0.564447 401.267120 154.487305 425.298401 245.011322
2 0.399487 344.872284 150.077393 366.474731 240.278687
2 0.369009 348.762909 148.204956 371.251556 241.017685
1 0.366229 151.224518 158.223145 199.891586 200.703323
2 0.332861 315.987976 150.869278 337.516296 242.905273
2 0.329316 323.979431 152.102524 341.906708 240.094833
2 0.298267 306.525940 153.066116 324.035980 238.366043
1 0.290789 183.874435 157.799484 233.235275 199.242554
