2 0.662033 496.346283 156.799805 532.315247 288.420319
2 0.606181 534.184875 155.625580 579.796326 285.172394
2 0.539788 586.556946 154.428558 619.755798 277.759003
2 0.449679 411.279480 150.329483 440.052216 261.129486
2 0.407336 442.636383 156.448700 465.990784 250.440765
2 0.357314 572.005798 155.128601 595.866577 280.609192
1 0.355994 151.285583 157.492599 218.613510 199.124405
2 0.321260 408.080078 154.696762 433.930023 257.615143
2 0.307048 479.200409 152.254333 505.127533 265.110870
2 0.255701 475.824982 153.734161 500.720520 260.325317
1 0.255195 613.567810 167.638290 637.706970 207.152359
