2 0.736958 603.376465 160.897675 650.060608 274.316528
2 0.684774 565.737183 153.070526 606.508301 275.853577
2 0.578804 399.790466 149.187134 444.806702 271.819672
2 0.578755 491.539215 159.176346 522.343811 264.489563
2 0.532972 456.179443 151.593445 484.282257 265.276031
2 0.412780 346.205231 152.789886 369.885742 247.215332
2 0.380780 413.923431 154.538391 447.028931 267.983215
2 0.349410 420.406891 155.741760 445.969757 251.706772
1 0.346087 148.185989 154.339294 209.109131 201.042267
2 0.294526 534.103271 163.621002 548.540283 209.886139
2 0.271739 348.257812 149.058838 378.140381 249.721237
2 0.271398 395.488983 153.821564 430.786530 269.891266
