2 0.666568 482.880951 154.018250 522.228577 256.057251
2 0.618089 440.208984 155.530121 472.776062 262.247223
2 0.537455 386.268402 158.357681 408.748505 248.292175
2 0.520862 305.738098 148.466064 336.513367 254.995956
1 0.421494 150.791748 155.829056 210.494934 199.233032
2 0.356805 354.763733 147.972076 374.961334 246.677948
2 0.345364 931.295227 161.309555 966.997864 293.895569
2 0.338186 290.165283 160.121750 312.099823 248.086258
1 0.328896 603.697144 170.708923 636.881104 205.528015
2 0.288484 926.197510 152.822418 957.978882 312.427399
