2 0.612179 230.648880 145.453964 258.844360 237.547165
2 0.555135 271.488220 156.030487 291.710114 235.788696
2 0.503211 402.121521 156.123474 420.930206 241.995255
2 0.409050 1038.509399 149.465866 1089.570557 317.821777
2 0.382361 343.983154 154.155884 369.013092 243.492096
1 0.364582 149.668945 156.541763 204.049667 202.339981
2 0.357679 335.470825 157.125336 356.366821 239.123520
2 0.332809 339.814636 157.007141 361.892029 242.992020
2 0.332650 396.440521 155.624222 415.913940 244.062393
2 0.327275 304.364563 154.826523 325.628021 233.524765
2 0.313551 349.065399 154.372406 372.988281 244.520493
2 0.289922 324.809418 157.564316 343.550964 234.490524
