2 0.694140 580.370544 151.128235 618.981384 277.772491
2 0.521366 495.438995 159.877167 511.275299 228.071915
2 0.499443 909.890381 157.848328 948.839478 347.873657
1 0.462107 154.534851 145.394760 237.825607 201.792191
2 0.429690 631.538940 156.767090 660.626526 286.683990
2 0.427379 936.616028 155.005554 978.706726 341.871185
2 0.357034 610.190552 162.491989 636.853516 276.040894
2 0.338783 961.191467 164.422440 1002.141418 331.880554
2 0.280111 524.370911 163.532516 541.068787 230.653946
2 0.269860 548.007812 168.743225 562.438049 210.299927
