2 0.742457 565.202393 158.191589 605.189453 270.564819
2 0.716351 518.724915 155.074905 568.199768 270.479034
1 0.655686 150.416473 156.839417 208.625839 201.963928
2 0.600173 459.694244 157.218842 489.626678 262.330902
2 0.533027 378.373657 156.282654 413.703247 266.954559
2 0.473428 429.917084 154.254547 456.964813 262.902802
2 0.421923 404.734711 154.300262 430.726349 263.766418
1 0.392101 603.331909 170.364670 637.844238 210.054825
2 0.310025 395.691528 151.342468 429.706848 266.988800
2 0.271352 340.600006 151.741943 368.903168 248.261963
