1 0.638384 151.047150 157.529663 208.998611 201.685745
2 0.547571 372.253387 151.558228 406.186951 261.473969
2 0.525301 514.898804 153.419281 546.515442 266.583862
2 0.484187 328.984161 151.093475 353.472534 247.386719
2 0.456667 561.295959 153.667587 586.216553 263.821350
2 0.437229 514.477783 160.358536 538.370178 260.405121
2 0.436869 449.679504 156.174210 475.348724 263.322540
2 0.317527 399.224243 156.913940 423.648773 254.655472
1 0.302630 605.485474 171.517899 636.784180 207.404343
2 0.266104 529.334839 156.973801 555.091187 265.212769
