2 0.646481 400.206787 155.825974 433.143127 244.211533
2 0.633857 1059.521362 164.167709 1119.640625 325.005157
2 0.564508 237.994492 145.800583 262.841736 236.238297
2 0.513570 1099.927124 162.929718 1143.977051 324.603210
2 0.483837 314.409851 152.758957 337.491913 236.003235
2 0.467271 348.572083 152.841827 373.597351 246.003098
2 0.440308 355.735413 156.185257 380.512146 244.563675
1 0.416899 150.698853 157.831879 204.066010 201.439011
2 0.406733 337.080566 153.361496 360.302765 244.432800
2 0.394545 342.524963 152.942184 364.337646 244.149246
2 0.367096 272.104858 160.841919 287.962585 234.294952
2 0.358845 287.288300 154.331299 304.339203 234.715515
2 0.330913 276.382294 158.216064 294.462341 234.748962
2 0.287193 288.809784 149.900162 309.700256 234.835861
