2 0.657874 216.326279 133.846741 240.663269 232.476883
2 0.633689 566.477844 152.674393 597.758972 271.502106
2 0.535181 253.328217 156.751694 272.587891 231.409988
2 0.464653 354.500824 151.109451 375.184753 236.246872
2 0.404610 316.230042 151.134918 339.772247 235.212051
2 0.395877 928.127014 161.667068 986.929016 301.374725
1 0.395159 154.930969 154.411957 254.436569 203.308792
2 0.395016 288.298523 155.118500 308.883026 230.050964
2 0.389726 359.956421 150.765579 377.788422 234.169586
2 0.299234 342.129761 149.130585 363.530975 235.842941
2 0.288605 350.284424 150.135010 371.378510 236.506439
2 0.254707 311.646301 152.034027 334.703766 234.388641
