2 0.763882 532.204102 155.966141 582.497559 265.461487
2 0.680152 1108.011597 144.859055 1178.156372 347.873535
2 0.663784 495.759491 155.638092 533.258179 267.765930
1 0.628756 150.675980 157.069748 207.686234 200.916931
2 0.550852 353.708618 143.841400 386.278839 260.106873
1 0.526893 603.469727 170.232025 636.823181 207.288055
2 0.456972 317.261353 144.717575 350.771759 245.863663
2 0.454405 384.251221 149.584015 409.021149 251.984436
2 0.338835 444.634949 159.633896 464.253998 244.409668
2 0.313405 405.253296 154.234009 428.048645 251.145264
2 0.306603 437.344360 155.651077 459.729919 254.748489
2 0.298318 338.275024 151.028992 359.306824 247.287445
2 0.274994 359.819458 145.580338 389.559784 254.521851
2 0.250304 345.225555 146.109756 372.807190 257.935089
