2 0.712228 562.766174 156.207550 599.078003 268.006683
2 0.711424 517.646484 154.429504 562.541443 268.083405
1 0.661859 151.163330 157.384369 208.470993 202.033997
2 0.572822 375.600891 154.407242 409.478210 265.290680
2 0.463214 458.072540 159.763611 481.173126 256.015076
1 0.405685 604.401550 170.614410 638.277710 208.072174
2 0.363092 421.841125 158.710709 451.163055 265.528595
2 0.352813 330.799377 150.344162 356.908752 247.258286
2 0.340700 401.723053 156.140488 427.331360 262.320038
2 0.275264 516.043457 160.266724 537.083923 257.746399
