2 0.614322 469.911530 153.317139 516.017029 284.273193
2 0.539479 384.272400 153.638687 417.345367 254.567337
2 0.536594 554.731567 160.284958 591.128479 276.055695
1 0.446476 605.561462 171.199188 637.801208 206.729599
1 0.423183 151.220581 156.542252 219.391556 199.637085
2 0.417741 518.838135 157.951050 552.521973 278.544617
2 0.300318 393.386353 152.073898 426.676514 259.902924
2 0.298806 461.245300 159.209656 483.421906 258.338562
2 0.288701 462.082489 156.419052 488.824707 278.008911
2 0.277515 410.258667 155.175980 442.711273 261.531952
