2 0.668170 420.565491 154.553925 443.909698 247.854538
2 0.525582 371.410919 154.591171 397.206818 247.263458
2 0.516453 248.996857 146.906128 273.813599 239.873337
1 0.398280 150.171127 157.637085 199.726990 201.026047
2 0.396962 291.140564 153.391968 310.587433 236.605530
2 0.391191 366.897308 158.606491 393.346100 247.077530
2 0.320149 364.582031 159.585968 386.064148 246.022064
2 0.294892 317.073273 160.382019 336.457184 237.696106
2 0.294800 344.666809 157.517990 363.159058 234.430008
2 0.288501 320.695709 159.351013 340.456604 237.235428
