2 0.591054 215.731110 133.424881 240.158035 228.474686
2 0.571957 301.241486 148.601410 324.752350 233.952942
2 0.526483 248.820999 156.209412 269.606476 227.014160
2 0.523545 345.018555 149.125626 366.636475 233.884918
2 0.458795 535.566650 150.184662 562.002869 264.331818
2 0.384843 324.126160 152.504013 342.589020 232.326019
2 0.383891 544.483154 153.903229 573.016357 263.068451
2 0.317147 539.388977 150.180466 568.230896 263.378021
2 0.302983 282.957581 155.090927 302.707916 230.570267
2 0.283884 327.674408 149.735321 345.825073 232.951736
