2 0.692665 455.078156 155.172897 499.927704 280.852753
2 0.631024 543.724915 166.107986 577.723450 272.900452
2 0.627360 498.362793 165.279312 536.692871 281.265778
1 0.545234 150.822327 156.282181 217.593384 200.293457
2 0.518790 382.218170 152.676285 410.506012 254.095428
2 0.484081 639.713013 153.554916 665.578308 283.229279
2 0.457890 283.832306 146.610123 302.884583 213.393982
2 0.341200 398.138336 153.483841 423.688751 258.414032
2 0.322441 408.111298 158.874527 428.439362 253.502579
2 0.298304 427.499451 164.433014 447.349335 248.384674
2 0.271370 508.661041 165.632675 538.572205 277.268677
