1 0.9467017361111111 0.5667424054054053 0.10496254084967321 0.13857306486486484
1 0.894379737745098 0.5629572513513513 0.10174277777777774 0.13178676216216215
1 0.8258225555555556 0.5621653999999999 0.0946746127450981 0.14196130810810806
1 0.5061712520424837 0.5074832824324325 0.027852296568627394 0.08195679189189191
0 0.39093404003267973 0.5243476067567567 0.024223545751634008 0.14313037567567566
2 0.15958709844771243 0.4662833148648649 0.013663404411764706 0.12780187837837834
2 0.1719011339869281 0.5101489175675675 0.025758155228758153 0.19691143513513518
0 0.6831306115196079 0.5708470810810811 0.078175943627451 0.3749988702702703
2 0.21762425776143793 0.48580899999999994 0.01652645996732026 0.13869637837837842
2 0.19055353063725491 0.4821313243243243 0.017437252450980396 0.14053809729729733
2 0.4348446372549019 0.5849236770270271 0.0388897859477124 0.33294330540540545
2 0.4782976772875817 0.572620327027027 0.045373251633986963 0.3190435783783784
2 0.5137168153594771 0.5859507189189189 0.0417146470588236 0.35847532432432433
2 0.8212920008169934 0.6636521243243243 0.06967255392156867 0.5542137405405405
2 0.8216205302287581 0.6496099716216217 0.07569056045751628 0.4775330783783785
2 0.6252757557189542 0.6568195324324325 0.05701021241830062 0.5199315675675676
2 0.6376855477941176 0.6484128635135135 0.06392832761437912 0.48282583513513516
2 0.6820421405228759 0.6368624229729729 0.05112363235294119 0.4108739270270271
2 0.4843169746732026 0.6128449608108109 0.04408176143790854 0.390639845945946
