1 0.9470731760620914 0.568920177027027 0.10421966094771246 0.13879135945945945
1 0.8944178839869282 0.5627724189189189 0.10227093790849681 0.1318094810810811
1 0.8257311625816993 0.5624875837837838 0.09473204248366018 0.1420187027027027
1 0.5062234852941176 0.5071767729729729 0.027911825163398622 0.08195008648648647
2 0.7095707818627451 0.6368867513513513 0.060637857843137244 0.4460985783783784
2 0.2392256515522876 0.5335634324324324 0.043725620098039195 0.21731914054054055
2 0.2775009922385621 0.5314505500000001 0.04158447303921566 0.20977147837837834
2 0.30361033496732026 0.5371145027027028 0.023414959150326816 0.22202073513513512
2 0.3556117843137255 0.5663240540540541 0.037862761437908496 0.28333037297297303
2 0.3930434317810458 0.5590307445945946 0.03188346160130722 0.2510114243243244
2 0.24464159436274507 0.5604746337837838 0.029452793300653618 0.2617275162162162
2 0.27999182720588234 0.5555696554054054 0.02543756127450982 0.2515537432432433
2 0.30875585498366015 0.5572807324324325 0.02874334068627451 0.224039345945946
2 0.2543286147875817 0.5398351364864865 0.02537579003267976 0.22548258648648653
