1 0.9468984620098039 0.5678978581081081 0.1045690890522876 0.1386895810810811
1 0.8944001041666666 0.5628593364864865 0.10202450081699352 0.13179907837837837
1 0.8257740919117647 0.5623362513513513 0.09470508251633991 0.14199174054054056
1 0.5061989530228758 0.5073207337837838 0.027883871732026153 0.08195324054054054
2 0.1644594889705882 0.4752980337837838 0.014161219771241839 0.12756337027027023
2 0.23910240114379086 0.49818498108108106 0.018790849673202614 0.14840178378378377
0 0.45953630718954247 0.5034258878378379 0.028446066993464067 0.15972272162162163
2 0.21240341870915033 0.47710639729729726 0.01361655800653594 0.12084044864864868
2 0.3134276343954248 0.5569835310810811 0.03104575245098039 0.26218591621621623
2 0.3399285065359477 0.5519511270270271 0.03131808169934639 0.2510216972972973
2 0.3687844444444444 0.5625639716216215 0.05736488235294116 0.2728473648648648
2 0.5058853533496732 0.5997865013513514 0.05392156944444444 0.3688952081081082
2 0.5503581511437908 0.5879652851351351 0.044389980392156796 0.3221823324324325
2 0.3684419154411765 0.6014137554054054 0.03894335375816995 0.34355800810810816
2 0.4041433868464052 0.5878672702702702 0.05010893382352939 0.3261740108108107
2 0.43555415972222217 0.5861842081081081 0.03540305147058822 0.28472077297297305
2 0.3178253786764706 0.5687738472972973 0.030501089052287565 0.2865386135135135
