1 0.9473162512254901 0.5703365513513513 0.10373351062091497 0.13893031891891888
1 0.8944421421568628 0.5626515513513514 0.10260795261437908 0.13182313513513516
1 0.8256716074346405 0.5626975054054054 0.09476939624183008 0.14205611351351347
1 0.5062575089869281 0.5069771067567568 0.02795057843137253 0.0819456945945946
0 0.10694679901960785 0.7301665972972974 0.2138935980392157 0.5342614
2 0.6568675314542483 0.605200422972973 0.049836602124183005 0.3656131000000001
2 0.6953730861928105 0.6096562594594594 0.044934641339869276 0.3213851513513513
2 0.4101163991013072 0.5663196229729729 0.04003267892156863 0.2707821486486485
2 0.24345779330065362 0.5255684837837838 0.02423747222222224 0.2097436756756757
2 0.27514552900326794 0.5365387864864865 0.026688453431372564 0.18960227567567572
2 0.18269368504901962 0.5081555027027027 0.021241829248366016 0.1862834108108108
2 0.2111785816993464 0.5105931810810811 0.01988017483660129 0.18353132972972971
2 0.24123607148692808 0.5143800567567568 0.0177015253267974 0.16664956756756755
