1 0.9467578860294118 0.5670726662162162 0.10485024101307186 0.13860652702702703
1 0.8943855886437908 0.5629292986486486 0.1018236462418301 0.13179034324324326
1 0.8258087091503269 0.5622142148648649 0.09468332189542492 0.14197000270270274
1 0.5061791670751634 0.5074368378378379 0.027861319444444456 0.08195577837837842
2 0.1614242512254902 0.47224594054054053 0.01220595179738563 0.12846829729729733
2 0.19637348692810458 0.5042462283783784 0.022189264705882356 0.18047438648648648
0 0.5945786846405229 0.5442032689189189 0.05916197875816994 0.28169462432432435
2 0.21977231821895427 0.4867964810810811 0.016114077614379094 0.1328291081081081
2 0.19877447630718956 0.48157542297297296 0.016215352941176486 0.13467615945945943
2 0.39326677369281043 0.5835091527027028 0.03433861437908496 0.30999369459459464
2 0.42901779779411764 0.5654233175675676 0.060202878267973874 0.2939185864864865
2 0.4678864795751634 0.5778776986486487 0.04472204575163397 0.32919480810810803
2 0.7119489718137255 0.6374676918918919 0.06265764787581697 0.48068781081081086
2 0.717337125 0.6261153364864865 0.0546978235294118 0.42796916486486486
2 0.5370536858660131 0.6584486189189189 0.05295708251633989 0.4526992918918919
2 0.5479164456699346 0.6282673878378379 0.04355377369281042 0.4255573324324325
2 0.5963305759803922 0.61971015 0.042179289215686235 0.3697342351351351
2 0.42466163725490197 0.5972880405405405 0.042845593137254875 0.35479624324324316
