1 0.9472200506535947 0.5697768229729729 0.10392591176470592 0.1388756891891892
1 0.8944326074346405 0.5626993783783784 0.10247538480392142 0.13181784324324325
1 0.8256951531862745 0.5626145121621622 0.09475463480392152 0.14204132162162159
1 0.5062440584150326 0.5070560432432432 0.027935258986928127 0.08194743243243242
2 0.7873551960784314 0.634219922972973 0.07771558333333334 0.44521017567567567
2 0.8039031924019607 0.6377662148648648 0.04196123774509802 0.3871883432432432
2 0.49799569975490193 0.5839390175675675 0.0402660400326798 0.32148453783783787
2 0.23552243750000001 0.5080210364864864 0.01995976062091503 0.1834596567567567
2 0.2679008112745098 0.5124048891891892 0.019397753267973838 0.18094090270270266
2 0.28203150081699346 0.5240601013513514 0.036940325163398666 0.1869968135135135
2 0.26989230964052285 0.5415323851351351 0.026644153594771226 0.2326500027027027
2 0.3057081515522876 0.5454084135135134 0.02776522630718956 0.21218560540540543
2 0.18824112459150327 0.5241295513513513 0.02744435049019607 0.21267943243243248
2 0.21496130923202614 0.5273407391891892 0.022836976307189522 0.20868420810810817
2 0.24652560988562092 0.5347097364864865 0.022997474673202616 0.18730826216216218
2 0.24426589828431375 0.5231970891891892 0.0272730400326797 0.18977269729729732
