1 0.9468703239379085 0.567732872972973 0.10462536519607847 0.13867303783783783
1 0.8943972140522876 0.5628733391891892 0.10198448039215681 0.13179735405405402
1 0.8257810155228759 0.5623118445945946 0.09470073202614385 0.1419873918918919
1 0.5061949955065359 0.5073439527027027 0.027879361928104637 0.0819537486486486
2 0.16635625898692813 0.4756632391891892 0.01510726633986929 0.12772248378378376
2 0.233810295751634 0.4999686081081081 0.019294727124182988 0.15384856756756757
0 0.4781228194444444 0.5118167337837838 0.030631465686274544 0.17719117027027026
2 0.21090494893790848 0.4785924094594594 0.01662483088235292 0.12352096486486484
2 0.32843175081699344 0.5603515405405406 0.03892036437908498 0.2706019351351352
2 0.3522178480392157 0.557734341891892 0.029507606209150307 0.2584417216216216
2 0.383706152369281 0.5671490391891892 0.06053106290849676 0.28376019189189183
2 0.5457021825980393 0.6010060486486487 0.05395623447712415 0.38597893513513515
2 0.561123762254902 0.5954578121621622 0.05032770588235289 0.3377573324324325
2 0.39385730678104575 0.6101368081081082 0.04544118545751632 0.3617810162162163
2 0.43404796323529415 0.5944035986486487 0.03478439052287587 0.3425219648648648
2 0.465087795751634 0.5922619067567567 0.037660779411764746 0.2985377324324324
2 0.33652273488562096 0.5734673472972973 0.03762107761437909 0.2979653972972972
