1 0.9470111303104577 0.5685575351351351 0.10434375245098033 0.13875539999999997
1 0.8944116029411765 0.562803281081081 0.10218382516339876 0.1318058432432432
1 0.82574639624183 0.5624338851351351 0.09472247875816989 0.1420091324324325
1 0.506214780637255 0.507227854054054 0.027901907679738547 0.08195120540540547
2 0.865447050245098 0.6759460837837838 0.08877995996732031 0.5352858108108108
2 0.1617854718137255 0.473611822972973 0.013616558006535962 0.12614211621621624
2 0.22898748815359476 0.47441050810810814 0.014705881535947714 0.1118699027027027
2 0.25624351348039215 0.542831608108108 0.02450980473856209 0.23147526486486486
2 0.2964053970588235 0.5392675 0.02246732026143791 0.22207800540540537
2 0.3136303995098039 0.5451733202702702 0.05036757352941179 0.23969314864864866
2 0.3976483647875817 0.572303645945946 0.030228757352941133 0.30707541081081086
2 0.4359260837418301 0.5672640972972973 0.033769064542483594 0.2732231891891892
2 0.2814343382352941 0.5706201405405406 0.03295206862745097 0.28458366486486486
2 0.3196340261437909 0.5669589797297296 0.031045753267973854 0.27388169459459455
2 0.34501821854575165 0.564587527027027 0.029956425653594743 0.2430707081081081
2 0.27362128349673204 0.5504046648648648 0.04602856862745095 0.24539787027027027
