1 0.9472822830882353 0.5701390364864865 0.10380144689542489 0.13891108378378375
1 0.8944387855392156 0.5626684364864865 0.10256126388888889 0.1318212837837838
1 0.8256799178921569 0.5626682135135135 0.09476418709150325 0.1420508918918919
1 0.5062527618464051 0.5070049662162162 0.027945172385620894 0.0819463054054054
2 0.6936406507352941 0.6145604743243244 0.05147058905228758 0.3911005918918919
2 0.7267094375 0.6169311554054053 0.04656862826797385 0.34259394324324327
2 0.4477114248366013 0.5690555554054054 0.04003267973856209 0.2852135594594595
2 0.2505219652777778 0.5325520675675676 0.02450980473856209 0.2184355405405405
2 0.28236505800653594 0.534809822972973 0.026960782679738567 0.1978018891891892
2 0.18480633537581698 0.5175224108108109 0.020969497549019604 0.194718827027027
2 0.20935017116013074 0.5160102054054054 0.02042483578431375 0.19156107027027022
2 0.2393129963235294 0.5218571472972973 0.014161219771241861 0.17360527837837833
