1 0.9466456327614381 0.5664120364864865 0.10507474754901952 0.13853946216216217
1 0.8943738619281046 0.5629851837837837 0.10166160784313726 0.13178313513513515
1 0.8258364007352941 0.5621165864864864 0.0946659011437908 0.14195261621621622
1 0.5061633366013072 0.5075297283783784 0.02784327124183013 0.0819578081081081
0 0.4095646184640523 0.5380539364864865 0.03625619771241835 0.1795774783783784
0 0.43871637785947704 0.5247985864864865 0.0397812704248366 0.1789773297297297
0 0.40916440073529414 0.5001834594594594 0.014776801470588257 0.08959703243243244
2 0.15669372222222222 0.4665331702702703 0.012524223856209162 0.12799292432432433
2 0.14121735253267975 0.5164725256756757 0.0321252818627451 0.21661768378378377
0 0.8599097471405228 0.6239322013513514 0.1515922426470588 0.5163397216216217
2 0.21463103186274513 0.4929274378378378 0.017348661764705873 0.14509099459459462
2 0.18531511192810457 0.4845704864864865 0.01693567647058823 0.14693925405405406
2 0.4870247197712418 0.6003517905405406 0.04130349836601306 0.36215599729729736
2 0.5178944930555556 0.5796512837837838 0.04151757598039213 0.3420526432432433
2 0.5590218966503269 0.6006358851351351 0.050258226307189555 0.39573560270270275
2 0.9622664223856209 0.6934156310810811 0.0738331683006535 0.6077633324324324
2 0.9615842393790849 0.6706454594594595 0.0751975343137255 0.5288059297297297
2 0.7466086781045752 0.6996029662162162 0.09967227124183001 0.5953886621621621
2 0.7530874930555556 0.6805902013513514 0.0878123325163398 0.5550060567567566
2 0.7773733921568627 0.6604091405405406 0.06658207679738558 0.46529040540540545
2 0.5529147218137255 0.6246141108108109 0.05494864133986933 0.4296289945945947
