1 0.946550362745098 0.5658501689189188 0.10526528758169941 0.13848202972972973
1 0.8943638137254901 0.563032627027027 0.10152292810457514 0.1317768540540541
1 0.8258599375 0.562033604054054 0.09465108578431365 0.1419378405405406
1 0.5061498803104575 0.5076086878378379 0.027827927287581683 0.08195952702702698
0 0.4710844432189542 0.5837074635135135 0.06268653022875814 0.27506487297297305
0 0.5226848043300654 0.5591187324324325 0.06474502042483665 0.2666056540540541
0 0.38215899428104577 0.516182327027027 0.021452352941176513 0.12367485405405411
2 0.15519202777777777 0.46668642432432433 0.013888888888888888 0.12824773513513513
2 0.06911854044117646 0.5288461716216216 0.032135075980392155 0.26048911621621623
2 0.1957038178104575 0.4967337743243243 0.022058823529411766 0.15808727837837835
2 0.1729253190359477 0.487766654054054 0.021514160947712427 0.16048428108108104
2 0.5854323451797386 0.624538064864865 0.06045751552287582 0.42530548648648653
2 0.6124612254901961 0.6073027905405406 0.04793028104575161 0.40097799729729733
2 0.6897685118464052 0.6163807202702702 0.10158500571895428 0.46639417567567576
2 0.9821412410130719 0.6963998391891891 0.03408353104575157 0.6017949162162162
2 0.6894438602941176 0.6523302013513513 0.05364924019607849 0.5208862945945946
