1 0.9463825669934639 0.5648578891891892 0.10560087908496736 0.1383797081081081
1 0.8943459027777777 0.5631162175675676 0.10127608333333347 0.13176541891891894
1 0.8259014689542483 0.5618871716216216 0.09462492156862748 0.14191177027027024
1 0.506126131127451 0.5077480378378378 0.027800839052287595 0.08196255675675675
0 0.7637755122549019 0.6285756108108108 0.14365994444444447 0.4258041945945945
0 0.9708115633169935 0.6583332310810811 0.05674288643790852 0.503478381081081
0 0.19903300408496732 0.6311452756756757 0.09317337908496733 0.3793275027027027
2 0.1547759187091503 0.4676712418918919 0.010893245915032688 0.12841719729729723
2 0.142022983251634 0.5044237689189189 0.02096949918300653 0.1888447702702703
2 0.11660149101307189 0.49498776081081075 0.02423747385620915 0.19224685675675676
2 0.8809776891339869 0.7005260256756757 0.09504357598039209 0.5935425432432432
2 0.8798610441176471 0.6746101932432432 0.07271241503267975 0.5603825810810811
2 0.9698068227124182 0.6807966094594594 0.05875236764705886 0.6248645270270271
