1 0.9472992651143791 0.5702377986486485 0.10376748284313723 0.13892070540540535
1 0.8944404644607843 0.5626599945945946 0.10258462173202625 0.13182221081081077
1 0.8256757626633986 0.5626828594594594 0.09476679166666657 0.14205350270270273
1 0.5062551352124183 0.5069910378378378 0.027947875000000028 0.081946
0 0.049961513480392156 0.7330039756756758 0.09992302696078431 0.5285866432432432
2 0.6774354289215686 0.6104875499999999 0.04304023039215686 0.37842375945945944
2 0.7070296466503269 0.6108146635135135 0.04082524101307191 0.3313324243243244
2 0.42852516176470584 0.5671068891891892 0.03818103594771237 0.27736871891891896
2 0.2490691004901961 0.5268615162162162 0.028624217320261446 0.21396224864864857
2 0.27777630024509803 0.5327943121621621 0.02531962663398692 0.19361883513513514
2 0.18328630269607843 0.516432822972973 0.021857167483660133 0.19034663513513517
2 0.2091749526143791 0.5133031027027026 0.01926964542483661 0.18740444324324323
2 0.24150991789215687 0.5174486851351351 0.018292038398692808 0.17008977567567563
