1 0.9470167683823528 0.5685905081081081 0.10433247630718953 0.13875867567567568
1 0.8944121752450981 0.5628004756756757 0.10219176062091503 0.13180617837837835
1 0.8257450110294119 0.5624387662162161 0.09472334885620913 0.1420100027027027
1 0.5062155718954249 0.5072232108108108 0.027902808823529444 0.08195110270270273
2 0.8416776441993463 0.6714139418918919 0.08338387663398694 0.525341191891892
2 0.16180380269607844 0.4734405864864865 0.013189749183006529 0.12603498918918912
2 0.22950370465686273 0.47438435675675683 0.013523574346405247 0.11143808108108108
2 0.25594538848039217 0.542783104054054 0.023773677287581684 0.2301131216216216
2 0.28863715563725495 0.5382747594594595 0.022018262254901968 0.22109107027027028
2 0.311947891748366 0.5443614121621622 0.04936908741830063 0.2379794837837838
2 0.39515808333333335 0.5717008027027027 0.03755528758169934 0.30469083243243245
2 0.4313295396241831 0.5664562297297298 0.03473804820261436 0.27104507027027025
2 0.27850346119281044 0.5689206283783783 0.0326659795751634 0.2822287810810811
2 0.3153688982843137 0.5660880675675676 0.02995079003267973 0.27170354594594587
2 0.34155588235294115 0.5638840310810811 0.029700493464052298 0.24124170540540543
2 0.2720371650326797 0.5488011054054054 0.04546839542483657 0.24359211351351345
