1 0.9463769808006536 0.5648247959459459 0.1056120514705882 0.13837627837837843
1 0.8943453014705882 0.5631190013513513 0.10126780882352945 0.13176502972972973
1 0.8259028537581699 0.561882291891892 0.09462404901960776 0.1419109027027027
1 0.5061253394607843 0.5077526837837838 0.02779993709150333 0.08196265945945949
0 0.7793798022875817 0.6275719243243244 0.146768977124183 0.42811374594594587
0 0.9875822671568627 0.6649364608108109 0.023201478758169903 0.5051665108108109
0 0.18013350571895423 0.643794995945946 0.10302247385620913 0.40726595405405414
2 0.15419998815359479 0.46770411351351354 0.01034895506535946 0.12842282162162155
2 0.1381344897875817 0.5046888391891892 0.02327462663398691 0.1901991540540541
2 0.11347342565359476 0.4953543162162162 0.023403983660130714 0.1935229513513513
2 0.8959586098856209 0.700501277027027 0.10884894689542488 0.5935920405405405
2 0.8985595032679738 0.6772290081081082 0.08409424346405234 0.5682155621621622
2 0.976468806372549 0.6816627581081081 0.045428400326797416 0.6251852945945946
