1 0.9472030878267973 0.5696780148648649 0.10395983741830057 0.13886600810810812
1 0.8944309174836601 0.5627078121621621 0.10245189869281045 0.1318168945945946
1 0.8256993084150328 0.5625998662162162 0.09475202859477126 0.14203871081081076
1 0.506241684640523 0.5070699716216216 0.02793255555555553 0.08194773783783783
2 0.8133368296568628 0.6405451189189189 0.05773420669934637 0.46159450270270275
2 0.8220568819444444 0.6447404121621622 0.037854030228758204 0.4009663216216217
2 0.5204411433823529 0.5903734918918919 0.04711329003267971 0.3333631945945947
2 0.226976335375817 0.512689072972973 0.015522876633986927 0.1867874378378378
2 0.2584927479575163 0.5120219175675675 0.023420479575163414 0.18404088918918923
2 0.2761231658496732 0.5263566013513513 0.026276674836601295 0.19069042432432437
2 0.275499335375817 0.5451120243243243 0.025054464869281017 0.24031835675675672
2 0.31576112704248366 0.5469065229729729 0.031045750816993466 0.21538609459459462
2 0.19043176021241828 0.5272624756756756 0.02941176388888889 0.2178964432432432
2 0.22258796241830067 0.5291490229729731 0.02750544607843139 0.2132004567567568
2 0.2495948778594771 0.5368482135135135 0.01906318055555554 0.19126894594594593
2 0.2484176045751634 0.5261025662162162 0.019607844771241827 0.19355341351351346
