1 0.9473559015522875 0.5705669405405405 0.10365420996732035 0.1389526918918919
1 0.894446046977124 0.5626318418918919 0.10266228349673202 0.13182527297297297
1 0.8256619113562091 0.5627316797297297 0.09477547303921578 0.14206220270270273
1 0.5062630473856209 0.5069446054054054 0.02795688398692805 0.08194497837837834
0 0.29170912949346406 0.6701709 0.08882608578431375 0.4191822702702703
2 0.6267419734477124 0.5946366094594595 0.04344988316993469 0.3392091540540541
2 0.6592593839869281 0.60004995 0.03405294771241836 0.2982607702702703
2 0.3793103970588236 0.5624827256756757 0.03502690196078431 0.2545282675675675
2 0.23819007883986926 0.5233315054054054 0.0253532573529412 0.2000952918918919
2 0.26686250408496737 0.5264207000000001 0.02277319607843137 0.18084422162162161
2 0.18326989215686276 0.5065122351351351 0.022972607843137254 0.1775006378378378
2 0.2071615126633987 0.5045214094594594 0.01656474591503266 0.17523795945945952
2 0.2335866454248366 0.5105835310810811 0.022483065359477125 0.15972432162162167
