1 0.9471635236928104 0.5694474283783784 0.10403896568627444 0.1388433702702703
1 0.894426964869281 0.5627274851351352 0.10239699346405232 0.1318146675675676
1 0.8257090032679739 0.5625656932432432 0.09474594771241836 0.14203261891891897
1 0.5062361458333334 0.507102477027027 0.027926247549019626 0.0819484513513513
2 0.8874526768790851 0.6599172783783783 0.07399636356209151 0.4970841459459459
2 0.898114324754902 0.6707914918918919 0.05983998937908506 0.43144037837837834
2 0.5630540584150326 0.6025245648648648 0.045618620098039186 0.3604566054054054
2 0.2293625535130719 0.5208159783783783 0.03441687826797386 0.19580657837837837
2 0.26016027124183005 0.5205989837837838 0.02047893137254898 0.1909736108108108
2 0.2804889068627451 0.5296313594594595 0.020306779411764717 0.20026019999999997
2 0.2974280878267974 0.55137285 0.032954553104575145 0.2539705108108108
2 0.33690629575163394 0.5496233594594594 0.030207107843137255 0.22467258378378382
2 0.20328369852941175 0.5340178743243243 0.026809532679738554 0.23017419189189187
2 0.2339553823529412 0.5378583175675675 0.02336972549019606 0.22423160270270268
2 0.2630584901960784 0.54339385 0.023853133986928104 0.1998483918918919
2 0.24707553104575164 0.5285065378378379 0.03324043464052286 0.20202691891891897
