1 0.9466175980392157 0.5662468135135136 0.10513081699346405 0.1385226108108108
1 0.8943709142156864 0.5629991432432433 0.10162091013071897 0.13178130270270272
1 0.8258433235294117 0.562092181081081 0.09466154411764705 0.14194827027027027
1 0.5061593786764707 0.5075529513513514 0.027838758986928138 0.08195831351351353
0 0.42243680923202614 0.5486649162162163 0.04077109068627447 0.20276671891891893
0 0.4615183848039216 0.5321889662162163 0.04797755555555552 0.2003705216216216
0 0.4029766825980392 0.5038325324324324 0.01635619035947711 0.09746375675675682
2 0.15587353921568628 0.46657076756756755 0.014161220588235301 0.12807072972972972
2 0.12236155228758168 0.5187951013513513 0.03404139379084967 0.22806630540540543
0 0.9694473733660129 0.6467368662162162 0.05947126633986936 0.5488626459459459
2 0.21058347671568625 0.4939846837837838 0.016067538398692825 0.14865581081081078
2 0.18204018423202614 0.48590420000000006 0.01742919362745099 0.1506432162162162
2 0.5126499783496732 0.6060942986486486 0.048747276960784285 0.37897507837837835
2 0.5462902589869281 0.5869414081081081 0.04956427124183003 0.3580207081081081
2 0.5902698263888889 0.602892095945946 0.06372548937908497 0.4156167918918919
2 0.996714131127451 0.666801295945946 0.004937750816993477 0.5167948567567567
2 0.8168104767156863 0.7029033837837838 0.11138343872549024 0.588787827027027
2 0.8265782953431372 0.6989437837837837 0.11519607924836592 0.596707027027027
2 0.8425984293300652 0.6826251472972973 0.06808278676470592 0.5010948459459459
2 0.584079696486928 0.6319507351351351 0.0563725498366013 0.45387567027027026
