1 0.9468028390522876 0.5673367986486486 0.10476033496732032 0.1386331972972973
1 0.8943902508169934 0.562906922972973 0.10188812581699334 0.1317931702702703
1 0.8257976319444444 0.5622532648648648 0.09469028676470584 0.14197695675675676
1 0.5061854987745098 0.5073996837837839 0.027868536764705878 0.08195496756756758
2 0.16291409027777778 0.47425779459459466 0.011706943627450974 0.1282990486486487
2 0.21319538235294117 0.5027218405405406 0.018206767973856196 0.1691840108108108
0 0.5373946470588234 0.5265482716216215 0.04554996241830065 0.2314700891891892
2 0.2023087716503268 0.48003718648648647 0.013810695261437909 0.13018823243243244
2 0.36529779084967323 0.5678357675675676 0.03242208986928105 0.2908080108108107
2 0.40013814869281045 0.5617484337837838 0.05680866666666664 0.2777320351351351
2 0.4306692152777778 0.5712250864864864 0.036801739379085 0.3081915513513514
2 0.6300819240196077 0.6208515148648649 0.05420157352941174 0.433005181081081
2 0.641470766748366 0.611743522972973 0.05431103513071889 0.3868893162162162
2 0.46736257189542485 0.6390406148648649 0.061570756535947645 0.4120041918918918
2 0.49967025857843134 0.6149524662162162 0.042005458333333315 0.38852029459459453
2 0.5352338508986928 0.6081237337837838 0.03830293872549018 0.3416138729729729
2 0.3900921013071895 0.586419658108108 0.03709206209150328 0.3294992945945946
