1 0.9469378749999999 0.5681287932432432 0.1044902630718954 0.13871267837837836
1 0.894404140522876 0.5628397256756756 0.10208040196078433 0.1318014675675676
1 0.8257643982843137 0.5623704216216217 0.09471117238562099 0.14199782702702704
1 0.5062044926470588 0.5072882243243243 0.02789018464052292 0.08195252972972976
2 0.16305650449346407 0.47478824594594593 0.012929241013071892 0.12734098378378378
2 0.24869329942810459 0.4969807527027027 0.015168211601307161 0.1415552675675676
0 0.43678072753267977 0.4988954608108108 0.024179133169934593 0.13905955405405404
2 0.216797595996732 0.4741591797297297 0.01649767238562094 0.11758553783783779
2 0.29532122303921565 0.5518084459459459 0.03046728267973854 0.25050955675675673
2 0.3251335804738562 0.5458772878378378 0.024142703431372526 0.24046524594594593
2 0.3400269035947712 0.5566249878378379 0.0418740816993464 0.2594371756756757
2 0.46903597140522874 0.5943672554054055 0.04691943300653587 0.344420418918919
2 0.49878543096405226 0.5796735689189189 0.041400562908496676 0.303855618918919
2 0.33430890849673206 0.5956090554054054 0.04374455718954249 0.31920669999999995
2 0.37226547916666664 0.5796985189189189 0.033364000816993464 0.3057434972972973
2 0.40192970179738563 0.5746352135135135 0.03477364379084969 0.2691642540540541
2 0.29450800694444446 0.5626748216216216 0.032819054738562094 0.27159109729729725
