1 0.9469322430555556 0.5680958054054054 0.10450152696078437 0.1387093837837838
1 0.8944035645424836 0.5628425283783783 0.10207242483660121 0.131801127027027
1 0.8257657834967321 0.5623655405405404 0.09471030228758165 0.14199695675675675
1 0.5062037009803921 0.5072928689189189 0.027889282679738562 0.08195262972972973
2 0.16219425898692813 0.4748609662162162 0.011710240196078438 0.12737272702702698
2 0.24948674714052288 0.4971018 0.016612200163398726 0.14242632972972966
0 0.43978955187908503 0.49919319324324324 0.024826845588235294 0.14175241891891893
2 0.2160205625 0.4740636391891892 0.01688453186274509 0.11802246216216221
2 0.30051610253267974 0.552519345945946 0.030228757352941178 0.2521135297297297
2 0.3216977230392157 0.5464306297297297 0.020969498366013042 0.2420851351351351
2 0.3434896613562092 0.5574640824324324 0.044662308006535964 0.26107188378378376
2 0.47396535784313726 0.5962397945945945 0.04738561928104575 0.3473681027027027
2 0.5041200812908496 0.5807831189189189 0.04874727532679736 0.3064163351351351
2 0.33777500081699346 0.5977855513513514 0.04820261437908497 0.3222221297297297
2 0.37597237295751634 0.5808022945945945 0.032952069444444426 0.3085040918918919
2 0.408007993872549 0.5762071743243243 0.03376906290849672 0.2712817270270271
2 0.2984271107026144 0.5635093445945947 0.03322440114379086 0.2736386783783784
