1 0.9468928333333334 0.5678648635135135 0.10458034640522867 0.13868627297297303
1 0.8943995269607843 0.5628621364864864 0.10201650326797376 0.13179873243243237
1 0.8257754767156863 0.5623313702702704 0.0947042116013072 0.14199087027027024
1 0.5061981613562092 0.5073253770270271 0.027882969771241887 0.08195334324324322
2 0.16437039215686275 0.475371004054054 0.013609743464052278 0.1275951756756757
2 0.23809475326797386 0.4985539486486487 0.017651285947712446 0.1494465945945946
0 0.46296624754901966 0.504969972972973 0.02883152614379079 0.16293815675675674
2 0.2124878574346405 0.4773983364864865 0.014307646241830051 0.12136722432432429
2 0.31664812663398695 0.5577624716216216 0.033062477124182976 0.2639434135135135
2 0.34347915890522873 0.5530810662162162 0.029514164215686277 0.25247149999999996
2 0.3716810629084968 0.5634529878378378 0.05799181045751632 0.2749636783783784
2 0.512769806372549 0.5985430324324325 0.04678148692810457 0.371861772972973
2 0.5516966666666667 0.5894080175675676 0.04024315522875815 0.32518141351351354
2 0.3725901241830065 0.6017149310810811 0.03942748529411767 0.3474594081081081
2 0.408325443627451 0.5891241662162162 0.04465585130718956 0.32931760810810806
2 0.4399422193627451 0.5879439783783784 0.033389665849673233 0.2870911297297298
2 0.3190028500816994 0.5696835405405405 0.028594739379084955 0.2887533513513513
