1 0.9468421968954248 0.5675678608108108 0.10468161928104577 0.1386564621621622
1 0.8943943169934641 0.5628873351351351 0.10194438562091497 0.13179562162162167
1 0.825787939133987 0.5622874364864865 0.09469637990196088 0.14198304594594602
1 0.5061910388071895 0.5073671743243243 0.02787485212418303 0.0819542567567568
2 0.16410737949346405 0.4752001797297298 0.012799564542483651 0.12795197567567568
2 0.2270546519607843 0.501678468918919 0.017156864379084962 0.1600208891891892
0 0.5007764027777778 0.5183539027027027 0.036009272875816956 0.1980663297297297
2 0.20795425694444444 0.4792514418918919 0.016067538398692825 0.12626406756756756
2 0.34707482312091503 0.5629534756756757 0.03240740604575165 0.27859935675675673
2 0.3739190081699347 0.5598249229729729 0.029684094771241818 0.26614281891891894
2 0.4186855449346406 0.5683785459459461 0.044389980392156886 0.29323024864864866
2 0.5824724027777777 0.6131010554054055 0.06263616666666663 0.4066453918918919
2 0.6058122859477124 0.6036017824324326 0.05528322549019604 0.35720134324324326
2 0.4215890910947713 0.6247747918918919 0.04520697303921571 0.3804173027027028
2 0.45431609681372553 0.6024352459459459 0.04384531617647065 0.3603316324324324
2 0.48911111887254904 0.597652254054054 0.04384531454248373 0.31501249729729724
2 0.35351934599673207 0.5785505108108109 0.037309370098039224 0.31034089729729736
