1 0.9471013970588235 0.5690849716216216 0.10416321895424833 0.13880765135135137
1 0.8944207283496732 0.5627583824324324 0.10231041421568635 0.13181111621621625
1 0.8257242377450981 0.5625119932432432 0.09473638888888883 0.14202305135135135
1 0.5062274415849672 0.5071535554054054 0.027916332516339844 0.0819495756756757
2 0.9890867634803922 0.6958114743243243 0.020192486111111192 0.5285279378378379
2 0.6541436519607843 0.6192661864864865 0.05201525326797391 0.4178444864864864
2 0.2347166772875817 0.5289055432432432 0.04226388398692811 0.2107782
2 0.2744818672385621 0.5255753405405406 0.038606406045751614 0.20368308108108107
2 0.28986017197712416 0.5353046054054054 0.029684097222222202 0.21579915135135136
2 0.33527174591503267 0.5638981054054053 0.032679738562091505 0.27370172432432427
2 0.3748966621732026 0.5557102202702702 0.03594771323529412 0.242026354054054
2 0.23083759150326796 0.5462452472972974 0.02668845424836598 0.25070839189189187
2 0.2676427753267974 0.5490584837837837 0.025326797385620915 0.2424633135135135
2 0.29143575326797383 0.5531423445945945 0.028322439542483677 0.21604448378378383
2 0.2516314746732026 0.5383979810810811 0.022331153594771228 0.2175202756756757
