1 0.9468478214869281 0.5676008648648648 0.10467037009803913 0.13865977837837834
1 0.8943948970588236 0.5628845364864864 0.10195241013071889 0.1317959702702703
1 0.8257865543300654 0.5622923175675676 0.09469725081699348 0.14198391621621617
1 0.5061918300653595 0.5073625297297297 0.027875753267973927 0.08195415675675682
2 0.1650673684640523 0.47533438783783777 0.013476545751633992 0.12790251621621618
2 0.22803574428104575 0.5011161324324325 0.01697464705882354 0.1587453405405405
0 0.4958441989379085 0.5169252729729731 0.03481353513071903 0.19350675135135137
2 0.2089578635620915 0.47938459189189186 0.01571291830065361 0.1257232324324324
2 0.3471000053104575 0.5624208621621621 0.033881924019607844 0.276962281081081
2 0.37826362009803927 0.5595978094594595 0.02662214052287579 0.26457451081081085
2 0.41193348815359476 0.5681261662162163 0.044265160947712434 0.2912861216216216
2 0.5730365040849673 0.6109976675675676 0.0504319967320262 0.40263297297297296
2 0.5918785637254902 0.6019941472972973 0.04235716666666661 0.3513445162162161
2 0.4165344362745098 0.6217277391891892 0.041716957516339866 0.3765380621621622
2 0.45204196446078426 0.6006563675675676 0.04670487990196081 0.35665741081081076
2 0.4848598574346406 0.5962879594594596 0.04260301062091501 0.31154675675675675
2 0.3509611282679738 0.5775003945945946 0.03762169771241832 0.3077842756756757
