1 0.9466007830882354 0.5661476662162163 0.10516444689542491 0.13851248378378378
1 0.8943691425653595 0.5630075175675676 0.10159645506535948 0.13178019729729726
1 0.825847477124183 0.5620775364864864 0.09465892973856217 0.14194566216216215
1 0.506157004493464 0.5075668851351351 0.027836051470588232 0.08195861891891894
0 0.4304263443627451 0.5562988972972973 0.04363108415032685 0.21876664324324324
0 0.47465879616013074 0.5384596472972973 0.05037505473856213 0.2144233486486487
0 0.3987259187091503 0.5063466662162163 0.017469575980392123 0.10288374864864867
2 0.15565456331699346 0.46659334729729735 0.013068422385620906 0.1281174351351351
2 0.10970991462418302 0.5203103743243244 0.03441804330065361 0.23553538648648653
2 0.21145689705882353 0.494360727027027 0.01761201797385618 0.15088985405405408
2 0.18028296037581698 0.486737245945946 0.018170206699346398 0.15295660540540545
2 0.5311637377450981 0.6098005905405405 0.040755897058823536 0.3898303432432431
2 0.5638535522875817 0.5916506932432433 0.050083689542483614 0.36833489999999997
2 0.6188367810457517 0.6060534418918919 0.05502059150326795 0.42928367297297304
2 0.8675381013071896 0.7074115405405406 0.10106722712418299 0.5797715135135135
2 0.8733128092320261 0.6980874513513513 0.10381660212418288 0.5984196918918919
2 0.8907554705882355 0.6970698135135136 0.08079671732026142 0.5259597351351352
2 0.6132001156045752 0.6368150135135136 0.057754384803921484 0.4699328
