1 0.9468365731209151 0.5675348554054054 0.10469286683006532 0.1386531432432432
1 0.8943937369281045 0.5628901351351352 0.10193635784313722 0.13179527027027027
1 0.8257893239379084 0.5622825554054054 0.09469550898692798 0.14198217567567573
1 0.506190247140523 0.5073718175675676 0.027873950163398675 0.08195435945945947
2 0.16437671813725493 0.4750658675675676 0.012932200980392158 0.12800146486486488
2 0.22445830024509805 0.5022499162162162 0.018058123366013062 0.16131710270270264
0 0.5055106870915033 0.519221177027027 0.037414372549019644 0.20226030540540538
2 0.2073257794117647 0.47911712432432435 0.0169414526143791 0.1268095729729729
2 0.3537752320261438 0.5634924216216216 0.036597965686274506 0.2802559027027027
2 0.3729637017973856 0.5600547405405406 0.03549266176470588 0.2677298324324324
2 0.4158688116830065 0.5686342932432432 0.04045782107843133 0.295200445945946
2 0.5868540433006536 0.6152467756756757 0.060093973856209154 0.4107385405405405
2 0.6087138782679739 0.6052638756756756 0.052733393790849646 0.36325670810810806
2 0.42763840073529413 0.6278853040540541 0.04135012009803922 0.3843772783783785
2 0.4634492075163398 0.604251145945946 0.04041656699346405 0.36408231351351356
2 0.4979253496732026 0.5990472364864864 0.041131109477124166 0.31855620810810814
2 0.36011884681372547 0.5796182094594594 0.041843822712418294 0.31294032702702695
