1 0.9473219142156862 0.5703694675675676 0.1037221846405229 0.13893351891891895
1 0.8944427005718956 0.5626487364864865 0.10261572303921565 0.13182344054054057
1 0.8256702222222222 0.5627023878378379 0.0947702647058824 0.14205698108108109
1 0.5062583006535948 0.5069724635135135 0.027951478758169966 0.08194559189189185
0 0.14594269403594773 0.7298758405405406 0.18751825408496736 0.5348429135135135
2 0.6522702875816994 0.6035157959459458 0.04369957026143795 0.36153089459459453
2 0.6881392295751634 0.6089303864864865 0.03670817973856214 0.31741954054054056
2 0.40544384926470584 0.5657064283783784 0.036407693627450936 0.2682053540540541
2 0.2423937308006536 0.5258392540540541 0.023577693627450998 0.20838642162162158
2 0.2737873831699347 0.5350339310810811 0.023590640522875794 0.18830019729729733
2 0.18339046977124185 0.5076464972972973 0.021735191176470582 0.1849771567567568
2 0.20952261151960783 0.5096948445945946 0.01994721977124182 0.18229241891891892
2 0.2367984571078431 0.5135776540540541 0.02168909395424834 0.16552264864864866
