1 0.9471861290849674 0.5695791986486487 0.1039937549019608 0.13885631621621627
1 0.8944292250816995 0.5627162445945947 0.1024283864379085 0.13181594324324322
1 0.8257034636437909 0.5625852202702702 0.09474942238562092 0.14203610000000003
1 0.5062393108660131 0.5070839027027026 0.027929852124183027 0.08194804324324323
2 0.8378601450163399 0.6489358527027027 0.07017312499999996 0.47631966756756766
2 0.865468585375817 0.6552124986486487 0.0671465514705882 0.41491108918918923
2 0.5367115375816993 0.594785345945946 0.04860865686274507 0.34375254054054055
2 0.22334772753267976 0.5175286243243243 0.01605926879084967 0.19023371891891896
2 0.26493200449346405 0.5174059540540541 0.01745154983660132 0.18659514054054052
2 0.27906820016339867 0.5259685027027027 0.03141070424836598 0.19523897297297294
2 0.2848932279411765 0.547712027027027 0.03196258333333334 0.2459891351351351
2 0.328500993872549 0.5480429256756757 0.03185440114379083 0.2192704189189189
2 0.19305708292483661 0.530326677027027 0.026272391339869285 0.22319988378378378
2 0.22769945874183006 0.5318490229729729 0.024370164215686253 0.2178621540540541
2 0.2555452602124183 0.5393152135135135 0.02400989460784312 0.19514670810810814
2 0.24341480514705885 0.5282102932432433 0.019321889705882347 0.1972794945945946
