1 0.9465111732026145 0.5656187216216216 0.10534366666666667 0.13845826486486484
1 0.8943596548202614 0.5630521472972974 0.10146557271241828 0.1317742243243243
1 0.8258696286764705 0.5619994378378379 0.09464498284313726 0.14193175675675682
1 0.5061443390522876 0.5076412013513514 0.027821607843137308 0.08196023513513515
0 0.5215476924019609 0.6037090189189189 0.07985746486928105 0.32865291891891896
0 0.5704560016339869 0.5779130094594594 0.0896627287581699 0.31236415945945945
0 0.36371710049019607 0.5272321418918919 0.026040238562091488 0.14684519189189188
2 0.15747927369281048 0.46691598243243243 0.01728924019607842 0.12828739189189192
2 0.04017596119281046 0.5394980797297297 0.037944437091503275 0.28592711621621625
2 0.18419981331699348 0.4985236527027027 0.02023252859477126 0.16418182972972972
2 0.16066744117647058 0.4901524040540541 0.01899894444444444 0.1670471216216216
2 0.6417864211601307 0.6347268770270271 0.04643590931372555 0.46038887837837844
2 0.6694318071895425 0.6197593945945945 0.05957534803921574 0.43029199999999995
2 0.7518417385620915 0.6261374648648649 0.06844535130718954 0.49891314054054053
2 0.7649989264705883 0.6743591135135135 0.07739334150326801 0.5671768162162162
