1 0.9464160927287582 0.5650564216216216 0.10553382761437909 0.13840027027027027
1 0.8943495032679739 0.5630995135135135 0.10132566830065357 0.13176774054054055
1 0.825893162990196 0.5619164581081081 0.09463015604575165 0.1419169864864865
1 0.506130881127451 0.5077201675675675 0.027806258986928088 0.08196195135135133
0 0.6741162361111112 0.6403606013513514 0.12737675326797393 0.420170154054054
0 0.8476041025326797 0.613695022972973 0.16413331944444443 0.4656045162162163
0 0.2755509007352941 0.5810734513513514 0.057895283496731995 0.2687321027027028
2 0.15686893096405227 0.46747407027027027 0.011680337418300645 0.12838340540540547
2 0.15410235866013072 0.5029082743243244 0.019880174836601313 0.18110584054054055
2 0.12960578717320262 0.4931121351351351 0.025326796568627453 0.18496387567567568
2 0.8006989301470587 0.6928915351351351 0.04330065277777778 0.5760394054054054
2 0.8120460800653595 0.6517525135135135 0.0680827892156863 0.5285561351351351
2 0.9204160980392158 0.6755705094594595 0.08605664379084961 0.6228104243243243
2 0.9615534685457517 0.6878850378378378 0.07525907598039218 0.6188245189189189
