1 0.9466063876633988 0.5661807162162162 0.105153237745098 0.13851585945945946
1 0.8943697328431373 0.5630047256756757 0.10160460947712412 0.1317805648648649
1 0.8258460927287581 0.5620824175675676 0.09465980147058817 0.14194653243243244
1 0.506157795751634 0.5075622391891892 0.02783695424836596 0.08195851621621618
0 0.42763305392156864 0.5536240972972972 0.042620225490196104 0.21316077837837835
0 0.46994822263071895 0.5362025567567568 0.04947905637254902 0.20937688648648647
0 0.4001932745098039 0.5054781175675676 0.01708262581699346 0.10101132162162163
2 0.15554013031045752 0.4665858189189189 0.01334422630718955 0.12810186486486488
2 0.1152558901143791 0.5197943716216216 0.0296840955882353 0.2329919216216216
2 0.21267520833333334 0.49423412432432434 0.016884531045751626 0.15013774594594598
2 0.18063053022875816 0.4864567324324324 0.0196078431372549 0.15217762162162166
2 0.5237273096405228 0.608542004054054 0.03812636111111108 0.3861440945945946
2 0.5574844097222221 0.5900511445945946 0.04901961029411764 0.36483166756756763
2 0.6104601499183007 0.6051989432432432 0.0577342017973856 0.42512884324324324
2 0.8454638419117648 0.7064571959459459 0.09395424918300653 0.5816802027027027
2 0.852452722630719 0.698382935135135 0.0994008717320262 0.5978287243243243
2 0.8796623137254902 0.6920982027027027 0.08769062908496736 0.517401718918919
2 0.6040924370915033 0.635155845945946 0.048202616013071894 0.4644557405405406
