1 0.9465167704248366 0.5656517891891891 0.10533247222222225 0.1384616648648648
1 0.8943602495915032 0.5630493594594594 0.10147377532679745 0.13177459999999996
1 0.8258682442810458 0.5620043175675675 0.09464585457516343 0.14193262432432427
1 0.5061451303104575 0.5076365567567568 0.027822510620915036 0.08196013513513509
0 0.5136660906862744 0.6000867202702702 0.07708781862745101 0.32026141351351345
0 0.5628152418300655 0.5747638256756757 0.08572917156862744 0.30537743513513516
0 0.3667506315359477 0.525406577027027 0.025255745098039205 0.14301731081081082
2 0.1557130612745098 0.4668831783783784 0.014705882352941176 0.1282817297297297
2 0.041114761437908494 0.5346628918918919 0.03839869281045752 0.28151888648648643
2 0.18588540686274507 0.4982911837837838 0.021514160130718964 0.1632842864864865
2 0.16320180065359477 0.48962000405405404 0.01824618627450979 0.16607535945945942
2 0.6344472218137256 0.6321049175675676 0.04602396160130714 0.45529559189189184
2 0.6619583263888889 0.6181793986486487 0.059912853758169876 0.4257315054054055
2 0.7549289150326798 0.6246615405405406 0.05147058660130719 0.4939937675675676
2 0.7515786258169934 0.6714683905405405 0.06808278594771236 0.5593547810810812
