1 0.9466792892156863 0.5666102702702703 0.10500743464052285 0.13855963783783784
1 0.8943773905228758 0.562968427027027 0.10171034640522887 0.13178531891891893
1 0.8258280935457516 0.5621458743243243 0.09467112826797379 0.1419578297297297
1 0.5061680857843137 0.5075018594594595 0.02784868627450976 0.0819572
0 0.396964908496732 0.5281286716216217 0.03202333169934639 0.15763524594594594
0 0.4253179689542484 0.516860845945946 0.028889078431372547 0.156269627027027
0 0.41540935988562094 0.49651348513513516 0.013232559640522897 0.08168522972972972
2 0.16026015727124182 0.46638316621621617 0.014214417483660135 0.12787825135135136
2 0.16119263602941175 0.5126417905405405 0.02592139787581699 0.20434463513513515
0 0.7338828937908497 0.5911965594594595 0.10755679084967316 0.4292216108108109
2 0.21423599223856207 0.48812465675675676 0.016657404411764734 0.14118556216216213
2 0.18797957761437908 0.48311000810810806 0.01838650980392157 0.14298438918918918
2 0.458819379493464 0.5995096851351351 0.041172662581699375 0.3438177918918919
2 0.49710810702614383 0.5752022378378379 0.04718089869281045 0.32739823243243243
2 0.5403088974673201 0.5914031635135135 0.04748885702614377 0.37217581351351353
2 0.8807935825163398 0.6825688540540541 0.08575728758169941 0.5914133513513514
2 0.8915076903594771 0.6671049675675677 0.08719801633986927 0.5205285567567567
2 0.6694929673202614 0.6714086675675676 0.08213469934640523 0.5542340162162163
2 0.6915877144607843 0.6580744175675676 0.06579985212418304 0.5102934675675674
2 0.706137419117647 0.6435098756756757 0.05592269281045754 0.43062536216216213
2 0.5098473909313725 0.6168223013513514 0.051839482843137205 0.40427414864864863
