1 0.9470506074346405 0.5687883216216216 0.10426479820261433 0.1387783027027027
1 0.8944156033496733 0.5627836432432433 0.10223930310457532 0.13180816756756758
1 0.8257367017973856 0.5624680567567567 0.09472856535947703 0.14201522162162164
1 0.5062203198529411 0.5071953486486487 0.027908218137254838 0.08195049189189184
2 0.7590857303921569 0.6491981608108108 0.06735370588235291 0.47637294864864865
2 0.16369587581699346 0.4734873432432432 0.014456808823529408 0.12619697837837837
2 0.2561079334150327 0.5376296918918919 0.0264150531045752 0.22259255135135134
2 0.2835979199346405 0.5339151824324324 0.025778485294117644 0.2144959918918919
2 0.30229354820261434 0.5396860121621622 0.042901196078431354 0.2280506675675676
2 0.37307992320261435 0.5683854905405405 0.0397129362745098 0.2915169486486487
2 0.4059757602124183 0.5618666270270269 0.03131521813725492 0.25867079459459463
2 0.2581515306372549 0.5633772486486486 0.03577032271241834 0.26952188108108105
2 0.293667483251634 0.5611401135135136 0.02779219199346407 0.2593287567567568
2 0.3221371307189542 0.5598111905405405 0.02846200490196078 0.2306331054054054
2 0.26676346609477125 0.5432147540540541 0.042518825980392166 0.23201866486486492
