1 0.9471296294934641 0.5692497405405406 0.10410675408496728 0.1388239081081081
1 0.8944235669934639 0.5627443405405406 0.10234981372549026 0.13181273513513514
1 0.8257173129084967 0.5625364027027027 0.09474073366013075 0.14202739999999994
1 0.5062313982843137 0.5071303378378378 0.027920839052287604 0.08194906486486489
2 0.9560711748366014 0.6812648837837838 0.08622366339869275 0.5269373837837839
2 0.9663870098039216 0.6806096878378379 0.06559199346405226 0.44922907837837844
2 0.6119819264705882 0.6121242905405405 0.052694704248365955 0.3891804027027026
2 0.22348644648692806 0.5245198554054054 0.02347959722222224 0.20461926756756754
2 0.2730977357026144 0.5201207932432432 0.025213879901960775 0.19789468378378372
2 0.28208367075163393 0.5329386608108109 0.01563755882352942 0.20737103513513513
2 0.31558839501633984 0.5593641162162162 0.03357818872549018 0.26478339999999995
2 0.35708563684640526 0.5526170027027028 0.030109719771241855 0.23365542702702702
2 0.21470642116013072 0.5399977783783784 0.030895505718954254 0.24145046486486485
2 0.2501028696895425 0.543000654054054 0.026154304738562065 0.23400324864864863
2 0.2778022708333333 0.5490163972972973 0.024102811274509767 0.2088742972972973
2 0.24636819240196078 0.5347340851351351 0.03731118709150329 0.2105215432432433
