1 0.9472936037581701 0.5702048783783784 0.10377880555555546 0.13891750270270267
1 0.8944399052287583 0.5626628094594596 0.10257683823529408 0.1318219
1 0.8256771474673202 0.562677977027027 0.0947659240196078 0.14205262972972973
1 0.5062543439542483 0.5069956810810811 0.02794697385620913 0.08194610270270275
2 0.6844598754084967 0.612332204054054 0.04520697140522879 0.3828929432432432
2 0.7139448406862745 0.6128104067567568 0.03022875816993464 0.3350076351351352
2 0.433748477124183 0.5673778 0.04003267973856209 0.2796357945945947
2 0.2493282026143791 0.5287323594594594 0.027777777777777776 0.21543318378378376
2 0.2791806870915033 0.5315106067567568 0.02423747385620916 0.19499558648648643
2 0.18382082965686272 0.5167853256756757 0.02096949918300653 0.19177066756756753
2 0.20896073243464053 0.5141923351351351 0.01770152369281045 0.18876987027027028
2 0.24302569648692812 0.5188985608108109 0.016612200163398677 0.17124542972972978
