1 0.9472143958333332 0.5697438891891892 0.10393722140522875 0.13887246486486488
1 0.8944320445261438 0.5627021891891892 0.10246755964052298 0.13181752972972968
1 0.8256965383986928 0.5626096297297298 0.09475376633986919 0.14204044864864868
1 0.5062432671568627 0.5070606851351351 0.02793435784313723 0.08194753243243248
2 0.7974495878267973 0.636279404054054 0.08224401062091509 0.4505453972972972
2 0.8156889579248365 0.6382998621621622 0.04901961029411764 0.39143186486486486
2 0.5008021388888889 0.5860323297297297 0.036220044117647086 0.3253490594594595
2 0.2327070249183007 0.5095585418918919 0.019335512254901977 0.184556127027027
2 0.26952986397058826 0.5123080918918919 0.01851851879084969 0.18191039459459454
2 0.2826701168300654 0.5252583432432433 0.03804603104575166 0.18806355675675676
2 0.27130009068627453 0.5428850094594595 0.023420480392156877 0.23553135405405407
2 0.3067213406862745 0.5459028729729729 0.02614378921568628 0.2132420054054054
2 0.18872374183006535 0.5251570608108108 0.026143792483660125 0.21439048378378378
2 0.21551053145424837 0.5279349310810811 0.02096949918300653 0.21016822432432436
2 0.24762651511437908 0.5354126567567568 0.021786492647058793 0.18861014594594602
2 0.24611181699346404 0.5241543837837838 0.02287581699346405 0.1910224054054054
