1 0.9470957520424836 0.5690520148648648 0.1041745089869281 0.13880439729729732
1 0.8944201601307191 0.5627611891891892 0.10230252450980394 0.1318107891891892
1 0.8257256225490196 0.5625071108108108 0.09473551960784324 0.14202217837837836
1 0.5062266503267974 0.5071581986486486 0.027915431372548948 0.08194967837837838
2 0.9957849648692809 0.6988139513513514 0.006796083333333412 0.529027054054054
2 0.6766139926470588 0.6260348648648649 0.06596627777777773 0.4295939675675675
2 0.2355974681372549 0.5298145527027027 0.042549568627450976 0.2120547162162162
2 0.2747355102124183 0.5273726310810811 0.038958644607843144 0.20498175405405403
2 0.2926684183006536 0.535738191891892 0.029069818627450977 0.21702310810810813
2 0.3398121258169935 0.5643705972972972 0.03357306862745098 0.27557655135135145
2 0.3785303161764706 0.5563553621621622 0.031213718954248338 0.24377213513513518
2 0.23342002614379082 0.5495380067567567 0.02854578104575165 0.2529342891891892
2 0.26927260089869276 0.5503228743243244 0.029271564542483662 0.24422878108108104
2 0.29481086968954245 0.5540053756756756 0.027292951797385605 0.21761138918918915
2 0.25024946650326796 0.5385490932432433 0.023222171568627468 0.21907849999999998
