1 0.9461984750816995 0.5637652783783784 0.10596906290849666 0.1382657513513513
1 0.8943259362745098 0.5632079716216216 0.10100144117647068 0.13175233243243245
1 0.8259471491013072 0.5617261013513514 0.09459611356209145 0.14188310540540539
1 0.5061000044934642 0.5079013364864865 0.027771030228758115 0.08196588378378382
2 0.04789388357843137 0.5270664878378378 0.03800652205882352 0.2562016567567568
2 0.1554716903594771 0.4687575283783784 0.012395622549019594 0.1286021378378379
2 0.03682034763071895 0.5179806675675676 0.035988839052287586 0.24588336216216217
2 0.013859101715686275 0.507298277027027 0.02771820343137255 0.24787657567567561
2 0.9685906883169935 0.6453680391891893 0.061184636437908495 0.4806296081081081
2 0.34500168137254905 0.4839635081081081 0.01147282026143791 0.10108039459459457
