1 0.9467635032679739 0.5671056864864865 0.10483900653594772 0.1386098648648648
1 0.894386172385621 0.5629265027027027 0.10183171732026143 0.13179069729729734
1 0.825807324754902 0.5622190959459459 0.09468419199346408 0.14197087297297298
1 0.5061799583333333 0.5074321932432432 0.027862222222222184 0.08195567837837837
2 0.1625412475490196 0.4728456472972973 0.012527232026143802 0.1285331432432432
2 0.1984113839869281 0.5035519121621622 0.022331155228758177 0.17897133243243243
0 0.5860384440359477 0.5415955216216216 0.056827245915032694 0.27453705405405404
2 0.22075594321895423 0.48689060405405404 0.016067538398692825 0.13226958108108106
2 0.20125629248366014 0.48203919189189187 0.01597295424836603 0.13410647027027026
2 0.3893242512254902 0.5814388783783784 0.03186274591503268 0.3074616054054054
2 0.4245357156862745 0.5651609162162162 0.05967553267973855 0.2913761135135135
2 0.46070844566993474 0.5769970054054054 0.041666669117647055 0.32641427027027037
2 0.7005375833333334 0.6364982864864865 0.05283224183006533 0.4751629027027026
2 0.7111179227941177 0.6240327851351352 0.04684096160130721 0.42310411621621613
2 0.5252282900326798 0.6545608 0.03894335620915029 0.4466973783783783
2 0.5370501078431372 0.6265124432432432 0.03976034803921575 0.42056877297297296
2 0.5893915588235293 0.6182060608108109 0.04030501307189545 0.366111927027027
2 0.41859876797385626 0.5953236945945946 0.04057734313725487 0.35117748648648645
