1 0.9473049264705881 0.5702707175675675 0.10375616013071902 0.13892391081081082
1 0.8944410241013071 0.5626571810810811 0.10259240114379081 0.13182251891891897
1 0.8256743774509804 0.562687741891892 0.09476766013071908 0.14205437027027024
1 0.5062559264705883 0.5069863945945946 0.02794877614379083 0.08194589729729733
0 0.0729077973856209 0.7317607581081081 0.1458155947712418 0.5310730783783784
2 0.6698063288398692 0.6086849702702702 0.040305010620914974 0.3740563243243243
2 0.6996524468954248 0.6088602662162163 0.05065359477124183 0.3277326243243244
2 0.4231876450163398 0.5668402918918919 0.03594771323529412 0.27513799459459465
2 0.2486099869281046 0.5250159864864865 0.029411764705882353 0.2125109297297297
2 0.27623903880718953 0.5340599959459459 0.026143791666666666 0.19226129999999994
2 0.18287940890522875 0.5160853743243243 0.022875816176470592 0.18894296486486487
2 0.2094184730392157 0.5124266297297297 0.020697168300653625 0.18605855675675675
2 0.23968834232026145 0.5160179108108108 0.0196078431372549 0.16894986486486485
