1 0.9471691744281046 0.5694803716216217 0.10402766421568622 0.1388466081081081
1 0.8944275302287582 0.5627246756756757 0.10240484640522865 0.13181498918918919
1 0.8257076180555556 0.5625705743243243 0.09474681617647068 0.14203348918918918
1 0.5062369370915033 0.5070978324324324 0.02792714869281043 0.08194835135135133
2 0.8775390980392157 0.6575238121621622 0.059640522875817 0.49108234864864875
2 0.8852060702614379 0.6667834067567567 0.049019607843137254 0.42718435945945943
2 0.5569702663398693 0.5994803878378377 0.04901960620915024 0.3548085594594594
2 0.22930447630718953 0.5202647189189189 0.033117857843137234 0.19432648108108103
2 0.26732717156862745 0.5208421040540541 0.03215358006535951 0.18965173243243238
2 0.2803918108660131 0.5283467972972973 0.018246187091503253 0.1990679405405406
2 0.294774158496732 0.5504358567567568 0.03431372549019608 0.2519280054054054
2 0.3349759215686275 0.5492210067567568 0.03077341993464054 0.22329726756756757
2 0.20049119076797386 0.5330740702702703 0.026416121732026128 0.22839197837837838
2 0.23175023406862744 0.5363239932432432 0.02151416094771245 0.22260744594594595
2 0.26118108537581697 0.5423562378378378 0.02069716911764704 0.19865306486486492
2 0.25314044852941175 0.5284844783783783 0.016339869281045753 0.20076476216216216
