1 0.947118335375817 0.5691838364864865 0.1041293423202614 0.13881740810810808
1 0.8944224325980392 0.5627499581081081 0.10233406290849673 0.1318120891891892
1 0.8257200829248366 0.5625266378378379 0.09473899591503264 0.1420256594594595
1 0.5062298157679739 0.5071396243243244 0.02791903676470581 0.08194927027027031
2 0.9692747234477125 0.6869946635135135 0.05981656617647056 0.5273937216216216
2 0.9769652075163399 0.6851820837837836 0.04443559803921562 0.4497243351351351
2 0.6291700008169934 0.6138912202702702 0.052808807189542555 0.4007232459459459
2 0.23213444526143792 0.5262430108108108 0.04142591666666669 0.20703916756756754
2 0.2771067410130719 0.5203174459459459 0.02262917810457519 0.199883027027027
2 0.284140347630719 0.5338184297297297 0.019321719771241835 0.21082461081081083
2 0.32450186928104574 0.5625167608108108 0.03537852777777777 0.2682221054054055
2 0.36485731454248366 0.5538285256756758 0.027092375816993464 0.23693418648648648
2 0.221651681372549 0.5502833418918919 0.03307600490196078 0.24467954864864863
2 0.2562066405228758 0.5453724459459459 0.025315825163398715 0.23731588648648652
2 0.2837577218137255 0.5493657391891892 0.026116772058823522 0.21101823513513518
2 0.24872947467320264 0.5364772864864865 0.04025867810457519 0.2132487945945946
