1 0.9467185759803922 0.5668414945945947 0.10492886111111108 0.13858311891891886
1 0.8943814959150327 0.5629488675675676 0.10176707026143803 0.13178784324324327
1 0.8258184015522876 0.5621800445945946 0.0946772263071895 0.1419639162162162
1 0.5061736266339869 0.5074693486486487 0.027855003267973837 0.0819564918918919
0 0.3902925841503268 0.5206388324324325 0.02046722222222221 0.13370882162162162
2 0.15705755718954248 0.46806477702702703 0.008442266339869265 0.12800805135135135
2 0.17983171691176472 0.5083951445945946 0.026143791666666666 0.19168204594594596
0 0.6524129289215687 0.5565503297297297 0.06934512254901969 0.3409091081081081
2 0.21805906045751633 0.48611438648648647 0.016067537581699317 0.136882454054054
2 0.19308938602941175 0.4812717175675676 0.014978213235294103 0.13874132162162164
2 0.4242010498366013 0.5890924945945946 0.04112200490196077 0.3248581891891893
2 0.45585538602941184 0.5698194837837838 0.0639428129084968 0.31233312432432436
2 0.5007875477941176 0.587390545945946 0.04520697303921571 0.35093702162162166
2 0.7816418337418302 0.6647009081081081 0.07216775898692804 0.5318903081081081
2 0.8018010555555556 0.6423269986486486 0.07761438071895424 0.4638896351351351
2 0.5986087369281046 0.6483043864864865 0.06331699346405228 0.49617662702702703
2 0.6211752655228757 0.6418223635135134 0.0435729869281046 0.464090008108108
2 0.6383629125816994 0.6311336094594594 0.0392156862745098 0.3972457216216216
2 0.46405596037581703 0.6097352297297297 0.050925924019607785 0.38052585405405404
