1 0.9468590718954248 0.5676668702702703 0.10464786928104572 0.13866641081081085
1 0.8943960559640524 0.5628789364864865 0.10196845179738563 0.13179666216216218
1 0.8257837847222222 0.562302081081081 0.0946989910130718 0.14198565405405408
1 0.506193412990196 0.5073532418918919 0.02787755800653592 0.08195395405405409
2 0.16677912173202616 0.47560249189189185 0.014973988562091497 0.12780369729729726
2 0.2308802602124183 0.5005333824324324 0.018489652777777806 0.15625859729729724
0 0.48660759558823524 0.5142578594594595 0.03261148856209152 0.18498981081081084
2 0.21021866299019606 0.4792057310810811 0.015534100490196068 0.12462670000000005
2 0.3390346135620915 0.5613741878378379 0.038393668300653605 0.2737451702702703
2 0.36623629044117645 0.5591515094594595 0.0266397704248366 0.26149269459459457
2 0.40128475735294117 0.5676312527027026 0.04549718464052293 0.28747401891891894
2 0.5569852316176471 0.6062348256756757 0.04342413643790854 0.39436682432432435
2 0.5719038729575163 0.5986615648648648 0.04248418545751632 0.34441704324324324
2 0.4036898382352941 0.6158163999999999 0.03941087418300652 0.36901210810810814
2 0.44178339910130715 0.597205241891892 0.04116924754901962 0.3495291918918919
2 0.47685260580065364 0.5940371472972973 0.039856317810457516 0.30488207297297304
2 0.3441377222222222 0.5754512013513513 0.03720594607843137 0.30279529459459464
