1 0.9468253263888888 0.567468841891892 0.10471536029411765 0.1386465
1 0.8943925759803922 0.5628957324324324 0.10192029248366015 0.13179457297297298
1 0.8257920935457517 0.5622727905405406 0.09469376879084966 0.1419804351351351
1 0.5061886642156863 0.5073811067567567 0.02787214542483668 0.08195455945945951
2 0.16409348161764703 0.4747969283783784 0.013204402777777765 0.12810053243243236
2 0.21975335049019606 0.5031184351351351 0.019162959150326807 0.16397137297297298
0 0.5155833541666667 0.5210734405405405 0.040423348856209206 0.21120275675675682
2 0.20546223202614378 0.47884493108108106 0.01599426470588237 0.12791484594594596
2 0.36269651429738564 0.5645897621621622 0.036626482843137236 0.28362879459459456
2 0.37226745261437905 0.5605226905405405 0.034167060457516364 0.27096132702702697
2 0.4200215551470588 0.569156168918919 0.03403283415032683 0.29922116486486483
2 0.6004317949346406 0.6196704216216217 0.04890703758169943 0.4191769675675676
2 0.6179086364379086 0.607242754054054 0.048166241830065334 0.3702639027027028
2 0.4393525796568628 0.6304139648648649 0.04178681781045752 0.39549625945945954
2 0.47820399836601307 0.6079987337837839 0.04174019934640524 0.37182281351351354
2 0.5119776576797385 0.6019335 0.038375839869281066 0.32588830810810804
2 0.37010505024509804 0.5818081472972974 0.04039028186274509 0.3182719918918919
