1 0.9466736785130718 0.5665772351351351 0.10501865604575161 0.13855628108108112
1 0.8943768031045751 0.5629712202702702 0.10170223039215684 0.131784954054054
1 0.8258294783496731 0.5621409932432432 0.09467025735294118 0.1419569648648649
1 0.5061672941176472 0.5075065040540541 0.027847784313725494 0.08195729999999997
0 0.39885467197712415 0.5296110094594595 0.032645172385620924 0.16091272702702705
0 0.4269979824346405 0.518083777027027 0.030602343954248316 0.15971742432432434
0 0.41444483292483664 0.4970794648648648 0.013467798202614411 0.0829053783783784
2 0.16109691870915033 0.4664081472972973 0.01413471160130718 0.12789735405405409
2 0.15790279207516342 0.5132947027027027 0.023692809640522876 0.20629147027027026
0 0.7525339456699346 0.5961799945945946 0.1185202638888889 0.4445604810810811
2 0.21454348897058823 0.48894557972972974 0.01742919362745099 0.14182128918918924
2 0.188260510620915 0.48334313648648647 0.017429192810457527 0.14360723513513515
2 0.45920539869281046 0.5991891891891892 0.03676470588235294 0.34674563243243245
2 0.5067622883986929 0.5767261635135136 0.050381266339869245 0.3314479
2 0.5441379742647059 0.5942753459459459 0.05201525081699343 0.3740011945945946
2 0.9004454852941176 0.6877015459459459 0.06699346732026143 0.6015066756756756
2 0.8930726732026144 0.6694013418918918 0.0751634019607843 0.5254228567567568
2 0.6777291940359478 0.6767863540540541 0.07489107107843143 0.5626437027027028
2 0.6926355796568627 0.6606639216216216 0.07489106454248363 0.5176556378378379
2 0.7125363888888889 0.6452800337837838 0.06181917320261444 0.4361406621621622
2 0.5142668423202613 0.6185583581081082 0.04520697385620918 0.4093730837837838
