1 0.9470054926470589 0.5685245608108108 0.10435502777777776 0.13875212162162165
1 0.8944110306372549 0.5628060851351351 0.10217588807189538 0.13180551081081085
1 0.8257477806372548 0.5624290027027027 0.09472160866013064 0.14200826486486487
1 0.5062139889705881 0.5072324972972972 0.02790100571895428 0.08195130810810815
2 0.8728000559640523 0.6798686594594594 0.08819048447712419 0.5439768486486486
2 0.1622101200980392 0.47309661621621624 0.01427045915032679 0.1262474324324324
2 0.22779595915032683 0.4744368486486486 0.013803410130718957 0.11230506486486487
2 0.2606913349673202 0.5428800216216216 0.02418981535947709 0.23285131891891891
2 0.2968845935457516 0.5402671162162163 0.026902249183006502 0.22306678918918924
2 0.3159180114379085 0.5461675783783784 0.0507710473856209 0.24112747027027026
2 0.40436151715686275 0.5738405270270269 0.03667694444444441 0.309873827027027
2 0.4393690678104575 0.568085022972973 0.02914912254901954 0.2754365108108109
2 0.287092585375817 0.5723482567567568 0.03607573937908496 0.2869781621621622
2 0.3232955437091503 0.5678439621621622 0.03295936846405228 0.2760950324324324
2 0.3492270183823529 0.5653017378378379 0.03229249591503271 0.24492756216216216
2 0.27522794199346406 0.5520320202702702 0.04659289379084966 0.24723002432432434
