1 0.947044966503268 0.5687553554054054 0.10427608006535946 0.13877503513513517
1 0.8944150326797384 0.56278645 0.10223138725490195 0.13180783513513508
1 0.8257380866013072 0.5624631756756757 0.09472769607843144 0.14201435135135135
1 0.5062195285947713 0.5071999918918919 0.027907316993464125 0.0819505945945946
2 0.7657302826797385 0.6526090067567567 0.0661764705882353 0.4838912675675675
2 0.16114911151960784 0.47288767567567563 0.008442265522875825 0.12625399459459466
2 0.2624255894607843 0.5386851729729729 0.022331151143790844 0.22391967567567567
2 0.281032545751634 0.5343841959459459 0.023148148692810486 0.21569792702702703
2 0.30385242238562093 0.540442631081081 0.0440304526143791 0.22966445135135133
2 0.37689163071895426 0.5689187918918919 0.041122004901960815 0.29363548108108106
2 0.40898980392156864 0.5626023027027026 0.03077341993464054 0.2606542972972972
2 0.262193891748366 0.5641291756756757 0.034313724673202615 0.27154036756756755
2 0.2957825539215686 0.5619332499999999 0.02641612254901964 0.261312381081081
2 0.32687005473856207 0.5604671770270271 0.029956428104575175 0.23234242972972965
2 0.2674826233660131 0.5439898918918918 0.04298439869281042 0.23391371351351356
