1 0.9465839722222222 0.5660485094594595 0.10519806862745096 0.13850234324324326
1 0.8943673680555556 0.5630158891891892 0.10157197303921564 0.13177908648648648
1 0.8258516307189543 0.5620628918918918 0.09465631535947704 0.14194305405405408
1 0.5061546294934641 0.5075808189189189 0.027833343954248326 0.08195891891891888
0 0.4397140294117647 0.5652375216216216 0.04707766176470585 0.23749882162162161
0 0.48914774591503274 0.5454020202702703 0.05313650816993464 0.2300122297297297
0 0.3939864297385621 0.5091568918918918 0.01873820588235294 0.10894204864864866
2 0.15569000694444446 0.46661594324324324 0.014978213235294127 0.12816415675675677
2 0.09769466135620915 0.5219282756756757 0.03322440114379084 0.24351025405405405
2 0.20456975326797383 0.4951688256756757 0.02287581699346403 0.15320568918918917
2 0.1774525306372549 0.4875963121621622 0.0177015253267974 0.15534215405405405
2 0.555175102124183 0.6146509135135135 0.03758169934640523 0.4008581621621621
2 0.5846411450163399 0.5966386216216216 0.04711329003267971 0.3792587027027027
2 0.6498975694444445 0.6089726621621622 0.09646743627450981 0.4417049351351352
2 0.9113484722222223 0.7025955675675675 0.1358932483660132 0.5894034594594595
2 0.9134168484477124 0.6981216027027026 0.1252723325163397 0.5983513891891892
2 0.9316127724673201 0.7040616540540541 0.07028284395424829 0.5394491135135135
2 0.6339065910947713 0.6390131527027026 0.0688997802287582 0.482852845945946
