1 0.9472539885620914 0.5699744094594594 0.10385803594771235 0.1388950189189189
1 0.8944359808006536 0.5626825040540541 0.10252227369281045 0.13181972702702696
1 0.8256868435457516 0.5626438027027026 0.09475984558823537 0.14204654054054056
1 0.5062488055555556 0.5070281824324325 0.02794066666666669 0.08194681891891892
2 0.7327495739379085 0.6213089283783784 0.0652344403594771 0.41482219189189196
2 0.7616305763888889 0.6253049513513514 0.045726981209150336 0.36342674054054064
2 0.4613730408496733 0.576462108108108 0.04331046732026146 0.301457827027027
2 0.2773449685457517 0.51778 0.01988300245098039 0.18036112432432427
2 0.2593382013888889 0.5362253256756757 0.024932401143790823 0.22520524594594596
2 0.2921076286764706 0.5422534999999999 0.030640580882352903 0.20499017297297295
2 0.18381005800653596 0.519404122972973 0.022692970588235294 0.20234807837837843
2 0.21225156454248365 0.5220091067567568 0.02181638235294117 0.19891566756756754
2 0.23984319934640524 0.5295430094594594 0.01928516013071894 0.1794364513513513
