1 0.9468309493464051 0.5675018486486486 0.10470411437908504 0.13864982162162162
1 0.8943931564542484 0.5628929337837838 0.10192832598039224 0.1317949216216216
1 0.8257907083333332 0.5622776743243243 0.09469463888888882 0.1419813054054054
1 0.506189455882353 0.5073764621621621 0.027873047385620853 0.08195445945945945
2 0.16477177696078432 0.4749314499999999 0.013071895424836602 0.12805098108108107
2 0.22128950571895425 0.5026806310810811 0.018790849673202614 0.1626334081081081
0 0.5104421429738563 0.5201268243243243 0.03888419771241827 0.2066351297297297
2 0.2064737549019608 0.47898162702702707 0.017701524509803914 0.12735981081081074
2 0.3601362883986928 0.5640378108108107 0.04057734313725492 0.28193225945945943
2 0.37180282965686273 0.5602873148648648 0.04112200408496731 0.2693358891891892
2 0.41282765849673203 0.5688934770270271 0.03622004248366012 0.2971972351351352
2 0.5906657696078431 0.6174361175675676 0.056917209150326775 0.41491487837837837
2 0.6119382218137255 0.6062438689189189 0.04929194035947706 0.36672683513513515
2 0.43243770629084965 0.6291316297297298 0.03703703839869279 0.389857518918919
2 0.4723162095588235 0.6061052351351351 0.03649237336601305 0.3679118702702702
2 0.5065238880718955 0.600473954054054 0.03785403104575166 0.32218055135135143
2 0.36636064297385623 0.5807039337837838 0.04602396405228757 0.3155836513513513
