1 0.9464216817810458 0.5650895067567568 0.1055226495098039 0.13840369459459465
1 0.8943501025326798 0.5630967283783783 0.10133392238562094 0.13176812702702706
1 0.8258917790032679 0.5619213391891892 0.09463102859477118 0.14191785135135132
1 0.5061316727941176 0.507715522972973 0.027807160947712444 0.08196185135135135
0 0.6619070514705883 0.6431112986486486 0.12940080718954244 0.4199522081081081
0 0.8201541968954248 0.6052149878378378 0.1584278104575164 0.45154214324324315
0 0.28436095588235294 0.5755810162162162 0.054223875816993464 0.2562269945945945
2 0.15687253227124182 0.46744121756756757 0.011687832516339862 0.12837777027027028
2 0.15759923978758172 0.5026254094594595 0.02078684395424836 0.1800142837837838
2 0.13277059272875819 0.4928878675675676 0.02395924754901959 0.18381402702702704
2 0.7880593570261438 0.6884004662162162 0.05291784640522874 0.5661595972972973
2 0.8002972969771242 0.650908672972973 0.06361442892156863 0.5206686324324324
2 0.9094672124183006 0.6730011270270271 0.077091815359477 0.6156715027027028
2 0.9545047467320262 0.6875915121621622 0.08935651960784316 0.6194115702702703
