1 0.9463713954248366 0.5647917027027027 0.10562322222222213 0.13837284324324328
1 0.8943447005718954 0.5631217837837837 0.10125953186274514 0.13176464324324322
1 0.8259042377450979 0.5618774094594595 0.09462317647058821 0.14191003513513512
1 0.5061245477941176 0.5077573283783783 0.027799033496732045 0.08196275945945947
0 0.7951714052287582 0.6265563594594594 0.14985695588235298 0.4304449405405406
0 0.1584407867647059 0.6584577472972973 0.11487407189542485 0.43964740270270264
2 0.15366641053921568 0.46773698918918916 0.009803920751633988 0.1284284486486486
2 0.1339503982843137 0.5049576783783783 0.025326798202614378 0.19157304324324323
2 0.11015580392156862 0.49572579189189186 0.022331155228758164 0.19481611351351344
2 0.9072606049836602 0.6998940594594595 0.11982570833333331 0.5948064756756757
2 0.9164752095588236 0.6799219675675676 0.0936819174836601 0.5762704648648649
2 0.9833010919117648 0.6825274378378379 0.031763829248365995 0.6254998432432434
