1 0.9470562491830065 0.5688212878378378 0.10425351470588229 0.13878157027027024
1 0.894416173611111 0.5627808364864865 0.10224721650326803 0.13180849459459462
1 0.825735316993464 0.5624729378378378 0.09472943464052291 0.14201609189189196
1 0.5062211115196078 0.5071907040540541 0.027909120098039194 0.08195039189189186
2 0.7520024497549019 0.6458915472972973 0.06753812499999998 0.4690843432432432
2 0.25029469403594773 0.5365854 0.030773420751633956 0.22127635675675678
2 0.28598109681372547 0.5334513054054054 0.02832244035947709 0.21330714054054054
2 0.29271999060457515 0.5389381175675676 0.022875817810457513 0.22645283513513517
2 0.3688347001633987 0.5678595148648649 0.037854029411764696 0.2894277702702702
2 0.402580402369281 0.5611420405405405 0.031590414215686244 0.2567171783783784
2 0.2538118664215686 0.5626360554054054 0.036764705065359476 0.26753194864864865
2 0.2912578255718954 0.5597155337837837 0.028867103758169917 0.2573405594594595
2 0.317126448120915 0.5591647567567568 0.026688453431372564 0.22894867027027024
2 0.25501213807189543 0.5423543405405405 0.029411764705882353 0.23035937297297296
