1 0.946455227124183 0.5652879945945947 0.10545555882352947 0.13842420000000005
1 0.8943536924019607 0.5630800162162162 0.1013833815359477 0.13177042702702707
1 0.8258834726307189 0.5619506256756758 0.09463626225490197 0.1419230675675676
1 0.5061364227941177 0.5076876527027027 0.027812579248366012 0.08196124594594593
0 0.5998849276960785 0.6341776175675676 0.11709077696078433 0.39299282972972976
0 0.6991151135620916 0.5946463202702703 0.1306233692810458 0.3843604837837838
0 0.3242765126633987 0.5510201216216217 0.038857768790849685 0.20030215135135135
2 0.15534949795751635 0.46724416756756754 0.01170637499999999 0.1283439189189189
2 0.16928634558823527 0.500997522972973 0.023375578431372543 0.17373168378378376
2 0.144640085375817 0.4921026905405405 0.02451279656862744 0.1772026405405406
2 0.7200727038398693 0.6593504121621622 0.05413059722222213 0.519157672972973
2 0.7486563643790849 0.6411894351351352 0.05081845588235291 0.4805284108108109
2 0.8631238067810457 0.6552448689189189 0.0844125073529412 0.5694130999999999
2 0.8889142892156863 0.6881374162162162 0.07896214705882354 0.6183197621621621
