1 0.946611992647059 0.5662137648648649 0.1051420277777777 0.1385192378378379
1 0.8943703235294118 0.5630019351351352 0.10161276143790847 0.13178093513513517
1 0.8258447083333333 0.5620872986486487 0.09466067320261434 0.14194740270270273
1 0.5061585874183007 0.507557595945946 0.02783785620915032 0.08195841351351352
0 0.4249729852941177 0.5510826810810812 0.04166854248366013 0.20783426486486484
0 0.4656459522058824 0.5341521959459459 0.04870508578431368 0.20477625135135136
0 0.4016093133169935 0.5046406175675675 0.016711817810457514 0.09920583513513517
2 0.15577828799019605 0.4665782918918919 0.013749062908496739 0.1280862972972973
2 0.11908375081699346 0.5192893986486485 0.032131794117647064 0.23050280270270268
0 0.9868400698529411 0.6497798418918919 0.02468587336601316 0.5500875108108108
2 0.2117016838235294 0.494108781081081 0.016519908496732034 0.14939310270270273
2 0.18133060130718953 0.4861790648648649 0.018571408496732025 0.15140652972972976
2 0.518368283496732 0.6073067891891892 0.04365765032679738 0.38252630270270277
2 0.5520747663398693 0.588481662162162 0.04953425653594776 0.3613942162162162
2 0.6015063660130718 0.6043607297297298 0.06115454901960783 0.4210534
2 0.8277499971405229 0.7055403608108108 0.10333915277777787 0.583513872972973
2 0.8450124334150326 0.6986307202702702 0.10881120996732019 0.5973331540540541
2 0.8614579906045752 0.6872858243243243 0.07853734722222216 0.5091177405405405
2 0.5942604264705882 0.6335348540540541 0.0526237908496732 0.4591048
