1 0.9469491401143791 0.5681947648648649 0.10446773284313718 0.13871926486486488
1 0.8944052912581699 0.5628341216216216 0.10209634722222219 0.13180214594594597
1 0.8257616290849673 0.5623801864864865 0.09471291176470584 0.14199956756756765
1 0.5062060755718955 0.5072789364864865 0.02789198774509799 0.08195232702702702
2 0.16344406576797388 0.4746429121621622 0.013930950163398684 0.127277527027027
2 0.2511921748366013 0.49674305 0.014218522875817012 0.13984472162162162
0 0.43243586928104577 0.4987837554054054 0.02171180555555554 0.1340327216216216
2 0.21879869362745097 0.4743482081081081 0.015269815359477109 0.11672119459459462
2 0.2887922945261438 0.5504134405405404 0.030464955065359484 0.24736207567567567
2 0.31546760334967316 0.5447908270270271 0.04668786519607841 0.23728363783783787
2 0.3402430882352941 0.5549773418918919 0.03928527777777781 0.2562264189189189
2 0.45477446323529414 0.5907147608108108 0.04308281862745101 0.3386689324324324
2 0.48952410947712416 0.5775091702702704 0.040223882352941234 0.29886043243243243
2 0.32586165114379084 0.5913760499999999 0.03595241339869278 0.3133419972972972
2 0.3639287336601307 0.5775491554054054 0.03476204738562091 0.3003678621621621
2 0.3924004595588235 0.5729734689189189 0.037653888071895396 0.2648525972972972
2 0.2897327806372549 0.561042668918919 0.032824727941176454 0.26758646756756765
