1 0.946668068627451 0.5665441972972973 0.10502987581699344 0.138552918918919
1 0.8943762152777777 0.5629740135135135 0.10169411192810453 0.1317845891891892
1 0.8258308627450981 0.5621361121621622 0.0946693856209151 0.14195609459459457
1 0.5061665028594772 0.50751115 0.027846881535947766 0.08195740270270271
0 0.4008216327614379 0.5311562621621622 0.03329727859477126 0.16432916216216212
0 0.42875029330065356 0.5193622337837838 0.03237573039215684 0.16331766216216217
0 0.4134516037581699 0.49766260945945945 0.013711285947712391 0.08416253243243238
2 0.15903843300653597 0.46643313783783785 0.014280789215686264 0.12791645945945948
2 0.1552543508986928 0.5139601783783784 0.024263593954248354 0.20827576216216212
0 0.7722699260620915 0.6013897675675676 0.12853269199346407 0.4604995945945946
2 0.21480635375816995 0.4897739121621621 0.017343233660130714 0.14246270540540537
2 0.18712370833333333 0.48357836216216216 0.016479089869281035 0.14423543783783782
2 0.4653332066993464 0.5988631391891892 0.03664521568627452 0.34972364594594596
2 0.5106109125816993 0.578288241891892 0.0457936519607843 0.33559898108108105
2 0.5458836274509804 0.5954914432432433 0.04674415196078439 0.37815650810810814
2 0.9152358231209151 0.6921672702702704 0.08386135375816994 0.610260054054054
2 0.9261699522058824 0.6724694418918918 0.11950417075163397 0.527096927027027
2 0.6928173366013072 0.6823296540540541 0.06762133169934649 0.571312054054054
2 0.7037343394607842 0.6646912837837837 0.07148045833333332 0.5243180918918919
2 0.7207979109477124 0.6470960810810811 0.054937287581699266 0.44179903243243235
2 0.5210147528594772 0.6198123932432432 0.04504407924836603 0.41352946216216213
