1 0.9472766229575162 0.5701061121621621 0.10381276715686283 0.1389078729729729
1 0.8944382250816995 0.5626712513513513 0.10255347140522875 0.131820972972973
1 0.8256813031045752 0.562663331081081 0.09476331862745092 0.14205001891891889
1 0.5062519705882353 0.5070096094594594 0.02794427124183009 0.08194640810810808
2 0.6994165992647059 0.6149064121621621 0.04425617075163404 0.3948009594594594
2 0.7330222140522876 0.6190589162162162 0.05028453758169934 0.3465101243243244
2 0.44777841952614383 0.5704908851351352 0.03934006127450982 0.28856378648648656
2 0.25260637459150326 0.5345238891891892 0.02549145833333334 0.22001248108108107
2 0.2839852524509804 0.5364952743243243 0.025188362745097993 0.19923540270270276
2 0.1850592920751634 0.5178742837837838 0.023220317810457525 0.19616944324324326
2 0.2111605469771242 0.5169394297297297 0.021448656045751628 0.1929877405405406
2 0.2403589579248366 0.5233666472972973 0.015513924019607874 0.17481014864864866
