1 0.9467691213235293 0.5671387067567567 0.10482777042483665 0.13861320270270275
1 0.8943867557189543 0.5629237067567567 0.10183978431372555 0.13179105135135133
1 0.8258059399509804 0.5622239770270271 0.09468506290849678 0.14197174324324327
1 0.5061807495915033 0.5074275500000001 0.02786312336601308 0.0819555756756757
2 0.16240157965686275 0.47344593918918926 0.012387383169934646 0.12859776486486488
2 0.20044901674836602 0.5028690689189189 0.021908169117647074 0.17749311621621627
0 0.5778998255718955 0.5391173310810811 0.05463549428104572 0.26773531621621627
2 0.22171526715686277 0.4855807472972973 0.01571105882352943 0.13170335405405406
2 0.20182052328431374 0.48182523783783787 0.015859337418300663 0.13353885945945948
2 0.39002906658496733 0.5794018567567568 0.02968790931372546 0.3049695837837838
2 0.42012664583333337 0.5649029999999999 0.059156198529411785 0.2888772324324324
2 0.45619747630718954 0.5761310486486486 0.04488358986928102 0.32368028108108104
2 0.6895582924836602 0.6355508635135135 0.06606058496732027 0.4697635162162162
2 0.7013827839052288 0.6219968635135136 0.060412085784313715 0.4183478945945946
2 0.5155435269607843 0.6507746486486486 0.04882619117647064 0.4408522486486487
2 0.525719428513072 0.6247981418918919 0.03959291258169935 0.4156957864864864
2 0.5735059640522876 0.6167311405405405 0.039963588235294126 0.36255988108108106
2 0.41114844403594775 0.5939806635135135 0.040649223039215664 0.3479076621621621
