1 0.947107042892157 0.5691179283783784 0.10415192728758167 0.13881090540540536
1 0.8944212969771241 0.5627555743243243 0.10231829983660135 0.1318114405405405
1 0.8257228525326796 0.5625168743243243 0.09473725735294115 0.14202392162162158
1 0.5062282328431372 0.5071489121621622 0.02791723366013074 0.08194947297297296
2 0.9825442834967321 0.6928415040540541 0.033277446078431444 0.5280895594594596
2 0.9879253349673202 0.6898599175675676 0.022515343137254958 0.4504516405405406
2 0.6451017638888888 0.6157656310810811 0.05366451633986922 0.4129706783783784
2 0.2338460245098039 0.5280074108108108 0.041981416666666695 0.20951695135135137
2 0.2742312516339869 0.523800658108108 0.0382575245098039 0.20240060270270274
2 0.28234247753267977 0.5348742837837838 0.024624254084967316 0.21458315675675677
2 0.33176155269607843 0.5634317148648649 0.03372492075163401 0.271851354054054
2 0.3714990522875817 0.5550741594594595 0.031168753267973855 0.24030510810810812
2 0.22754760702614382 0.5509284891891892 0.030249433006535948 0.248497854054054
2 0.2637519485294118 0.5478122027027027 0.02600934967320261 0.24072303243243243
2 0.28875956985294116 0.5522915405405405 0.028641188725490218 0.21449962702702707
2 0.25365991911764707 0.5382489972972972 0.025774160130718957 0.2159840486486487
