1 0.9465391633986928 0.5657840472972974 0.10528768627450978 0.138475245945946
1 0.894362626633987 0.5630382054054054 0.10150655555555563 0.1317761027027027
1 0.8258627062908497 0.5620238432432433 0.0946493423202614 0.14193610270270268
1 0.5061482969771242 0.5076179783783783 0.027826121732026133 0.0819597297297297
0 0.4843604730392157 0.5882897635135135 0.06707193300653595 0.2891258189189189
0 0.5351074579248366 0.5633049067567567 0.07080047794117651 0.2803474405405405
0 0.37749378839869285 0.5189666067567568 0.02257193464052286 0.1295134081081081
2 0.15532031944444447 0.4667519972972973 0.011710240196078438 0.12825907567567563
2 0.058563723039215684 0.530702718918919 0.04738561928104575 0.26656196756756756
2 0.19280754534313727 0.49727787432432435 0.019063180555555562 0.15978438108108103
2 0.16928587336601308 0.48755092162162167 0.021786491830065355 0.1622988
2 0.6002580588235295 0.6269477054054053 0.03703703758169928 0.4348548648648648
2 0.6349757622549019 0.6111342162162162 0.05909586274509797 0.4087813297297298
2 0.7039853370098039 0.6190366918918919 0.1033631772875817 0.47524621621621627
2 0.7144648562091502 0.6577703216216216 0.07625272385620918 0.5325860054054055
