1 0.9473389056372548 0.5704682094594594 0.1036882017973857 0.13894311081081082
1 0.8944443745915032 0.5626402905405405 0.1026390171568626 0.13182435945945947
1 0.8256660669934641 0.5627170337837838 0.09477286928104572 0.1420595918918919
1 0.5062606740196078 0.5069585351351351 0.02795418137254901 0.08194528648648644
0 0.2353653925653595 0.7222689459459459 0.12359988970588234 0.5219677189189189
2 0.6376810633169935 0.59817415 0.03703703839869284 0.3499463648648648
2 0.6718246348039216 0.606860954054054 0.0375816977124183 0.30608738918918915
2 0.39480380596405223 0.5639346689189189 0.03894335375816995 0.26076042972972974
2 0.24164244689542483 0.5255947108108108 0.031862745098039214 0.2042870702702703
2 0.26637018137254903 0.5306405621621622 0.02559912908496735 0.18449784864864865
2 0.184011556372549 0.5061607864864865 0.02260348529411764 0.1811625783783784
2 0.20671443913398696 0.5070705581081081 0.0187908504901961 0.17867074324324328
2 0.23575429452614377 0.5116435162162162 0.021859419117647043 0.162401772972973
