1 0.9472709636437909 0.5700731878378378 0.10382408578431365 0.13890466216216216
1 0.8944376642156864 0.5626740648648648 0.1025456764705883 0.13182066486486482
1 0.8256826879084967 0.5626584486486487 0.09476245098039215 0.14204915135135138
1 0.5062511793300654 0.5070142527027027 0.027943370098039193 0.08194651081081082
2 0.7077278986928104 0.6164502932432433 0.03649237418300651 0.3996283378378379
2 0.7397522230392157 0.6205843527027027 0.05337690522875811 0.35056687297297306
2 0.44873282271241827 0.571935354054054 0.03812636274509801 0.29168296216216216
2 0.2548273991013072 0.5349254270270271 0.026416121732026128 0.22125471351351356
2 0.2852261715686275 0.5382053162162161 0.023148147058823516 0.2006897459459459
2 0.18521438153594771 0.5182481486486487 0.025326797385620915 0.19767950270270268
2 0.21263630800653593 0.5181787594594595 0.022331155228758177 0.1944384648648649
2 0.24065716421568628 0.524883054054054 0.016612200980392188 0.17594676756756755
