1 0.9470224072712418 0.5686234797297298 0.10432119852941181 0.1387619486486486
1 0.894412747140523 0.5627976716216216 0.1021996919934641 0.1318065108108108
1 0.8257436262254901 0.5624436472972973 0.09472421813725483 0.142010872972973
1 0.5062163631535948 0.5072185662162162 0.027903709967320247 0.08195100270270275
2 0.8187776033496732 0.6673998999999999 0.0767973864379084 0.5164934972972973
2 0.1621660187908497 0.47301520405405406 0.012799563725490213 0.12603371081081083
2 0.2300036633986928 0.47427503513513514 0.012254901960784314 0.11101696756756757
2 0.25520045629084964 0.5427345108108109 0.022603486111111126 0.22876468648648648
2 0.28094652205882353 0.5372889121621621 0.021786491830065376 0.22010604054054053
2 0.31028715931372547 0.5435590878378378 0.048346040849673186 0.23628299189189192
2 0.39205376021241833 0.5711284418918918 0.04438997794117645 0.3024158405405405
2 0.426604970996732 0.5656611135135136 0.03540305147058822 0.26890132432432434
2 0.27518980351307193 0.5672490175675676 0.03213507598039214 0.2799125378378378
2 0.31083469321895424 0.5652308918918919 0.028594770424836602 0.26955975135135135
2 0.33796399959150325 0.5631910121621622 0.029139432189542454 0.23943993243243247
2 0.2704751123366013 0.5472208256756756 0.044912330882352934 0.24181218648648653
