1 0.9470618909313724 0.5688542527027026 0.10424223120915041 0.13878483513513507
1 0.894416743872549 0.562778031081081 0.10225512663398707 0.1318088243243243
1 0.8257339321895425 0.5624778202702703 0.0947303039215687 0.1420169594594594
1 0.5062219023692811 0.5071860608108107 0.027910022058823553 0.08195028918918919
2 0.7394934375 0.6426844621621621 0.06770513807189542 0.4620150864864866
2 0.24215252165032677 0.5355521810810812 0.04367769362745099 0.2199709783783784
2 0.2792152585784314 0.5329924810810811 0.04301425081699348 0.21213115675675676
2 0.299705251633987 0.5381988148648649 0.023779246732026138 0.22487078648648648
2 0.36326478022875813 0.5673407162162162 0.034087318627450965 0.2873673405405406
2 0.39915927736928103 0.5603952486486486 0.030630474673202596 0.2546865405405406
2 0.2508600318627451 0.5619265864864865 0.034522923202614374 0.26563561621621623
2 0.2876284048202614 0.5583125878378378 0.029292809640522877 0.25538244054054055
2 0.31496012295751635 0.5585276689189189 0.02779064460784316 0.22728857567567565
2 0.254882425245098 0.5415043513513513 0.028069621732026137 0.22871706486486487
