1 0.9466905118464052 0.5666763391891892 0.10498498937908504 0.13856635405405407
1 0.8943785645424837 0.5629628391891891 0.101726568627451 0.13178604054054058
1 0.8258253243464052 0.5621556364864865 0.09467287091503268 0.1419595702702703
1 0.5061696687091504 0.5074925716216215 0.027850491013071937 0.08195699729729726
0 0.3938114158496732 0.526147035135135 0.027996789215686248 0.15004617837837833
0 0.41725714419934645 0.4954300783783783 0.012785237745098049 0.07934959459459454
2 0.16148733088235295 0.4663332256756757 0.014154627450980395 0.12784005675675672
2 0.16675853635620916 0.5113722594594595 0.027270124999999982 0.2005591783783784
0 0.7070178692810457 0.582065272972973 0.08560424999999997 0.40174916216216217
2 0.21618832598039214 0.4865046527027027 0.015977063725490195 0.13993086756756762
2 0.1885481772875817 0.4826499364864865 0.019476666666666663 0.14175447297297303
2 0.4486063472222222 0.5947787540540541 0.03975957026143789 0.3382314594594595
2 0.4883316854575163 0.5741145986486486 0.043226066993464 0.3233375648648648
2 0.5280150175653594 0.5876705337837838 0.03984018382352946 0.3663172081081081
2 0.8573181764705882 0.6739723635135135 0.08700200653594771 0.5747763594594594
2 0.8540535420751634 0.6533105067567568 0.08214585212418299 0.4955197432432433
2 0.6499878370098039 0.6629632675675676 0.07099801552287581 0.5370714324324325
2 0.6695255674019608 0.653110122972973 0.05971017075163397 0.4961798837837838
2 0.6954930812908496 0.6401004445945947 0.05296663153594768 0.42000278648648653
2 0.502636233251634 0.6150115 0.04949826062091503 0.3976864162162162
