1 0.9471409260620914 0.5693156405405406 0.10408416094771239 0.13883039999999996
1 0.8944247005718953 0.562738722972973 0.10236555310457515 0.13181338108108107
1 0.8257145433006535 0.5625461648648649 0.09474247222222214 0.14202914054054053
1 0.5062329803921568 0.5071210500000001 0.027922642156862673 0.08194886216216223
2 0.9256740866013072 0.6742957662162162 0.062325276143790985 0.5222334567567567
2 0.9359841911764706 0.676000081081081 0.05367503758169929 0.4492367837837838
2 0.5935613700980392 0.6104741013513513 0.05805257516339865 0.37979689999999994
2 0.22702296936274508 0.5230879743243243 0.022475927287581656 0.20187537027027033
2 0.26745779697712424 0.5199278229729729 0.03728090931372547 0.19594466756756748
2 0.28212535008169937 0.5325535094594595 0.01694651388888892 0.2046939324324324
2 0.3106725371732026 0.5562903175675675 0.03334509885620918 0.2614285054054054
2 0.35100543178104576 0.5514382094594594 0.03187701879084967 0.2304651
2 0.21084630759803924 0.5379417540540541 0.02774588970588238 0.2375764
2 0.24493852001633984 0.5410212054054053 0.0265100727124183 0.23070825405405407
2 0.27223490482026147 0.5477187121621622 0.026081642973856196 0.20617079189189186
2 0.25358725571895424 0.532770018918919 0.018456387254901965 0.20769582162162162
