1 0.9466624587418302 0.5665111581081081 0.10504109558823527 0.1385495594594594
1 0.8943756274509804 0.5629768054054054 0.10168599019607835 0.13178422702702702
1 0.8258322475490196 0.5621312310810811 0.09466851470588229 0.14195522432432428
1 0.5061657111928104 0.5075157945945946 0.027845979575163406 0.08195750270270269
0 0.40287062663398693 0.5327685216216216 0.033981872549019666 0.16789356756756757
0 0.4305796499183006 0.520700045945946 0.03421259722222217 0.1670807081081081
0 0.41242837050653597 0.49826371081081083 0.013963451797385685 0.0854584
2 0.15689146936274512 0.46645813378378376 0.014433551470588227 0.12793557027027028
2 0.15196626102941177 0.5146385824324324 0.024509804738562114 0.2102986027027027
0 0.7903264881535947 0.6062409243243243 0.13664305310457514 0.4745036324324324
2 0.21485073080065362 0.4906097581081081 0.017156863562091524 0.14310988378378373
2 0.18603990236928106 0.4838157108108109 0.015522875000000002 0.14486905945945946
2 0.47123670138888896 0.5985313837837838 0.03622004330065353 0.3527531297297297
2 0.5118853807189543 0.5786242513513513 0.040577341503267944 0.33718976216216207
2 0.5472930874183006 0.5967346108108108 0.040849674836601305 0.3824044054054055
2 0.9297581086601306 0.6922077756756756 0.09967319934640524 0.6101790432432432
2 0.9320357806372548 0.6755569405405406 0.12053172957516342 0.5287809783783785
2 0.7070138341503268 0.6880463283783783 0.059095859477124216 0.5802511972972972
2 0.7144836915849674 0.6688236797297298 0.06699346323529412 0.5311542351351352
2 0.7285718623366013 0.6489598256756757 0.04711328839869278 0.44760610540540535
2 0.5272570265522876 0.6210921162162162 0.04438997630718958 0.41777103783783787
