1 0.9465951789215686 0.5661146148648648 0.10517565522875809 0.1385091054054054
1 0.8943685514705884 0.5630103081081081 0.10158829738562099 0.131779827027027
1 0.8258488615196078 0.5620726554054054 0.09465805800653591 0.14194479189189182
1 0.5061562124183007 0.5075715297297297 0.027835148692810504 0.08195871891891891
0 0.4333631437908497 0.5591178581081081 0.044706656862745116 0.22467441351351353
0 0.4791233852124183 0.5405888391891892 0.05118463316993464 0.2192169972972973
0 0.39720440522875816 0.507248022972973 0.01787371568627447 0.10482690000000001
2 0.1556151184640523 0.466600877027027 0.012799563725490213 0.12813300810810818
2 0.10345526552287582 0.5208377662162161 0.03867102287581698 0.23813499729729729
2 0.21005120710784317 0.49463764054054055 0.018246187091503253 0.15165169189189193
2 0.17973704248366013 0.48702065 0.01661219934640524 0.15374360270270268
2 0.5378616834150327 0.6113875445945945 0.04302831944444442 0.3934385540540541
2 0.5699420486111112 0.5932811797297298 0.05065359558823529 0.37190581351351354
2 0.6269547557189542 0.6069247067567567 0.05174291993464055 0.4335202351351352
2 0.8882137504084967 0.7084057378378378 0.10593682271241826 0.5777831189189189
2 0.8935714832516342 0.6977811972972973 0.10620915277777768 0.5990322
2 0.9011065616830066 0.702208691891892 0.07216775898692812 0.5348056216216217
2 0.6231629910130718 0.6375345905405405 0.066721135620915 0.4741620513513513
