1 0.9469097205882354 0.5679638445945946 0.10454657189542477 0.1386961864864865
1 0.8944012585784314 0.5628537351351351 0.10204048774509804 0.13179976216216213
1 0.8257713223039216 0.5623460148648648 0.0947068227124184 0.1419934783783784
1 0.5062005355392156 0.5073114445945947 0.027885675653594778 0.08195303513513512
2 0.16334114705882352 0.47515220135135133 0.012799563725490213 0.12749978648648652
2 0.2439532973856209 0.4976733013513513 0.02015250653594768 0.1463551702702703
0 0.45305227328431374 0.5005123986486487 0.027738507352941127 0.1536543378378379
2 0.21436142483660128 0.4765301783783784 0.013071895424836577 0.1198004702702703
2 0.30897499836601305 0.5554563608108108 0.036220044117647045 0.2587402081081081
2 0.33435231699346407 0.5497297202702702 0.023420478758169952 0.2481713594594595
2 0.3631161519607843 0.5608257513513514 0.056120624183006534 0.26870895675675666
2 0.49841254616013075 0.6001878824324325 0.04466230800653601 0.3617083702702703
2 0.5305751633986928 0.5851581783783785 0.041666666666666664 0.3163470432432433
2 0.3596245081699347 0.6008311716216216 0.0375816977124183 0.33601220810810806
2 0.39386109027777777 0.5854240851351351 0.053104574346405184 0.32006343513513513
2 0.4248415469771242 0.5827504513513513 0.03540305147058826 0.2800955621621621
2 0.3118298558006536 0.5669771108108109 0.02832244035947714 0.28214717297297304
