1 0.9471974342320263 0.5696450783783784 0.10397114460784312 0.13886277837837832
1 0.894430353349673 0.562710622972973 0.10244406454248364 0.13181658108108105
1 0.825700693627451 0.5625949837837838 0.09475116013071903 0.14203783783783785
1 0.5062408933823529 0.5070746148648649 0.027931654411764727 0.08194784054054058
2 0.8216946307189542 0.642754872972973 0.062358109477124175 0.4673174648648649
2 0.8359821629901961 0.6480793527027027 0.05346083415032679 0.40590869459459467
2 0.5231574865196078 0.5918142418918919 0.04684269199346398 0.3367559972972972
2 0.23273941053921568 0.5142827527027027 0.029220455065359505 0.18792272702702703
2 0.26396604983660127 0.5138001364864865 0.019775986928104568 0.1848845432432432
2 0.27694140032679737 0.5262366027027027 0.024543588235294133 0.19223019999999996
2 0.2783511736111111 0.5459654540540541 0.02703470506535949 0.24217995675675674
2 0.32221377369281046 0.5472808297297297 0.033065099673202605 0.21666550270270268
2 0.19078338235294118 0.5283412121621621 0.027602849673202614 0.2196927324324324
2 0.2241854338235294 0.5297692945945945 0.025866781045751665 0.21474959999999996
2 0.2512879440359477 0.537581272972973 0.020627239379084984 0.1926266378378378
2 0.2481539783496732 0.5270938013513514 0.020769768790849658 0.1948348783783784
