1 0.9471522238562091 0.5693815364864866 0.1040615653594772 0.1388368891891892
1 0.8944258333333333 0.5627331040540541 0.10238127941176466 0.13181402432432437
1 0.8257117732843138 0.5625559283783783 0.09474420996732025 0.14203087837837836
1 0.5062345633169935 0.5071117635135135 0.027924445261437926 0.08194865675675674
2 0.9038287769607843 0.6648833932432433 0.0723826029411764 0.5095369972972973
2 0.9190990281862746 0.6723084594594595 0.0604056348039215 0.4420070594594595
2 0.5797590408496732 0.608913027027027 0.051689944444444476 0.3723092540540541
2 0.23010288725490197 0.5219383581081081 0.02322240359477123 0.19881101891891895
2 0.26201600816993464 0.5200943148648649 0.022579990196078415 0.19363973243243246
2 0.28017596527777777 0.5322424391891892 0.020745744281045742 0.2026656189189189
2 0.3047026789215686 0.5532925135135135 0.03346951797385619 0.2581544054054054
2 0.34390336805555555 0.5504431000000001 0.03047520506535947 0.22747462162162158
2 0.2084370870098039 0.5359494054054054 0.026668608660130703 0.23381938378378378
2 0.23916625408496736 0.5394182445945946 0.024888967320261423 0.22742778648648648
2 0.2677953218954248 0.5455227027027028 0.027301810457516344 0.20296069189189192
2 0.24634267279411767 0.5306091121621622 0.03423232598039217 0.20482340270270272
