1 0.9473445706699345 0.5705011202702703 0.10367687173202622 0.13894630540540542
1 0.8944449325980393 0.5626374743243243 0.10264677532679735 0.1318246621621621
1 0.8256646821895425 0.5627219148648649 0.09477373692810459 0.14206046216216212
1 0.5062614652777777 0.5069538918918919 0.027955082516339907 0.08194518378378376
0 0.2567776066176471 0.7021613837837838 0.10987029003267974 0.48229453513513515
2 0.6358511703431373 0.5961351878378378 0.041434502450980466 0.3463372297297297
2 0.6684999824346406 0.6045520013513513 0.03874343382352942 0.3034330459459459
2 0.39104339624183004 0.5633656581081081 0.03832076143790848 0.25836959189189196
2 0.24001676552287585 0.5248299175675676 0.02821120098039215 0.20287073243243245
2 0.26630367156862744 0.529215172972973 0.02495721732026145 0.18326388648648648
2 0.18393891462418302 0.5056788621621622 0.02283256127450981 0.17992464324324323
2 0.20656001960784312 0.5062112527027026 0.017516245098039198 0.17750893243243243
2 0.2350237765522876 0.5112862432432432 0.02207181944444442 0.16149965405405406
