1 0.9469773104575163 0.5683596770270269 0.10441139215686272 0.1387357108108108
1 0.8944081642156861 0.5628201054054055 0.10213615522875803 0.1318038324324324
1 0.8257547046568627 0.5624045945945946 0.09471726062091507 0.14200391351351352
1 0.5062100322712418 0.5072557175675676 0.027896497549019596 0.0819518189189189
2 0.92888695874183 0.7043866486486486 0.1007625302287582 0.5858212972972974
2 0.1645851719771242 0.4732801594594594 0.014978213235294127 0.12675628108108106
2 0.2238961617647059 0.4745714743243244 0.014161220588235324 0.11453227837837841
2 0.2768487173202614 0.5452085216216216 0.031862745098039214 0.23992236756756757
2 0.3059592083333333 0.5431081324324324 0.04381836764705879 0.23143968108108104
2 0.32705239746732023 0.5510281581081081 0.024782134803921555 0.24852585675675676
2 0.4281245363562091 0.582089772972973 0.03322440114379082 0.32507701621621626
2 0.46241155269607853 0.5723970972972973 0.0367647066993464 0.2870623567567568
2 0.3060435988562092 0.5814442702702703 0.04166666503267974 0.299581372972973
2 0.3426697034313726 0.5724923378378378 0.029139433006535966 0.2877206486486486
2 0.3690662066993464 0.5690424324324325 0.030501089869281028 0.2546527621621621
2 0.2873565404411765 0.557988404054054 0.02750544689542485 0.2572576459459459
