1 0.9472483312908496 0.5699414810810811 0.10386935049019616 0.13889179999999995
1 0.8944354195261437 0.5626853162162162 0.10251446650326798 0.13181941621621626
1 0.8256882279411765 0.5626389216216217 0.09475897712418295 0.14204567027027024
1 0.5062480142973856 0.5070328256756756 0.027939765522875793 0.0819469216216216
2 0.7379886593137255 0.6230088486486486 0.0678104591503268 0.4201388054054053
2 0.7729334542483659 0.6269347756756757 0.050108933006535974 0.36794580000000005
2 0.4655410772058824 0.5780391094594595 0.041938997549019544 0.30486306216216214
2 0.2378129922385621 0.5053869337837837 0.027441237745098043 0.17681720810810814
2 0.2720191225490196 0.5186869094594594 0.016339869281045753 0.18149208378378381
2 0.26115324428104575 0.5366687945945946 0.026143790849673203 0.2265528810810811
2 0.29380351919934644 0.5428128405405406 0.03240740767973858 0.20633482162162162
2 0.18384254697712418 0.5198013527027028 0.022603486111111102 0.20395217567567564
2 0.21334579656862743 0.5233247013513513 0.020424836601307166 0.2004512405405405
2 0.23765021854575163 0.5311239945945946 0.018790850490196076 0.1806473135135135
2 0.24669836111111113 0.520504637837838 0.027925107843137273 0.18290095135135134
