1 0.9470393259803923 0.5687223878378378 0.10428736111111103 0.13877176486486492
1 0.8944144616013071 0.5627892554054054 0.10222346732026155 0.1318075054054054
1 0.8257394718137254 0.5624582932432433 0.0947268259803921 0.14201348378378376
1 0.5062187369281046 0.5072046351351351 0.027906415032679766 0.08195069729729726
2 0.785901212009804 0.6573353067567568 0.08304430637254906 0.49413834864864864
2 0.16095837785947714 0.47390652162162167 0.009540672385620919 0.1262309783783784
2 0.23686898120915034 0.47395188783783776 0.01955848202614377 0.10977231621621622
2 0.25671125122549016 0.5397519662162162 0.02330977369281045 0.22525783513513517
2 0.2830774787581699 0.5348584310810811 0.024000918300653578 0.21691316486486484
2 0.3054307892156863 0.5412081081081082 0.04514065686274509 0.2312943837837838
2 0.3796879681372549 0.5694595743243243 0.037139656862745084 0.2957839864864864
2 0.41470787173202617 0.5633493189189189 0.0322656617647059 0.26266837837837836
2 0.26601535825163397 0.5648920702702702 0.033706523692810485 0.27358802702702706
2 0.3005604154411765 0.5627386067567567 0.030210340686274522 0.26332657027027023
2 0.3299336719771242 0.5611329283783784 0.030113649509803917 0.2340771918918919
2 0.2682130935457516 0.544777745945946 0.0434563880718954 0.23583980540540542
