1 0.9469885821078432 0.5684256337837837 0.10438884885620911 0.13874227837837838
1 0.8944093112745097 0.5628144986486486 0.10215205718954251 0.13180450540540545
1 0.8257519354575162 0.5624143567567568 0.09471899999999991 0.14200565405405405
1 0.5062116151960785 0.5072464297297297 0.02789830065359476 0.08195161081081086
2 0.9183817234477125 0.6967890797297297 0.08415032598039207 0.5749286513513514
2 0.16605425694444442 0.4731090364864865 0.013888888071895403 0.12655616486486487
2 0.22526140236928108 0.4745170310810811 0.012254901143790851 0.11363094864864866
2 0.26818445588235296 0.5430247121621622 0.021514161764705865 0.23706500810810813
2 0.30332407679738566 0.5419467351351351 0.0428934656862745 0.2280169513513514
2 0.32457452205882353 0.5492228108108108 0.023965140522875805 0.24553441081081076
2 0.4210383635620915 0.5787224162162162 0.04221132843137257 0.3189083567567568
2 0.45252281250000004 0.5706294054054054 0.04166666748366013 0.2822964702702703
2 0.29691801348039215 0.5777116324324325 0.03594771160130719 0.29440958918918925
2 0.33479155637254904 0.5705868135135135 0.029411763071895428 0.28295491351351343
2 0.3623631180555556 0.567511168918919 0.030841504084967317 0.25067174864864866
2 0.28247912785947715 0.5562219067567568 0.028594770424836602 0.25303542972972975
