1 0.9473275776143791 0.5704023824324325 0.10371085784313726 0.13893671621621623
1 0.8944432589869282 0.5626459216216216 0.10262349019607857 0.13182374594594595
1 0.825668837009804 0.5627072689189189 0.09477113316993463 0.14205785135135138
1 0.506259091503268 0.5069678202702703 0.02795237908496731 0.08194548918918917
0 0.18109004575163398 0.7296424743243243 0.16115342156862744 0.535309645945946
2 0.6471107553104575 0.6018679283783783 0.03703703839869284 0.3575375756756756
2 0.6805783937908496 0.608223004054054 0.028050111111111137 0.3135503324324325
2 0.4004121094771242 0.5651047499999999 0.03240740686274507 0.2656770297297298
2 0.24137175857843138 0.5261064648648649 0.022875816176470592 0.20704630810810812
2 0.27229733251633986 0.5335495459459461 0.02042483660130719 0.18701566486486487
2 0.18417088031045753 0.5071444675675676 0.022331154411764715 0.18368849729729728
2 0.20792344934640525 0.5088084486486486 0.02015250490196078 0.18106955675675673
2 0.23658483496732025 0.5127859783783785 0.02154671405228758 0.16441081081081088
