1 0.9469435073529412 0.5681617797297297 0.10447899836601307 0.1387159756756757
1 0.8944047156862747 0.5628369229729729 0.1020883758169934 0.13180180810810804
1 0.8257630138888888 0.5623753054054055 0.09471204248366015 0.14199869729729733
1 0.5062052843137255 0.5072835810810811 0.027891086601307187 0.08195242702702701
2 0.1637996989379085 0.4747155608108108 0.014161219771241839 0.12730925135135135
2 0.24784749754901958 0.4968611783783784 0.013616557189542501 0.1406947945945946
0 0.43456921732026144 0.4988383216216216 0.02292994281045749 0.13650129729729732
2 0.2175186568627451 0.47425403243243247 0.016067537581699362 0.11715179459459464
2 0.2899631160130719 0.5511065337837838 0.030501089869281076 0.24892586756756752
2 0.32822530555555557 0.5453307283783784 0.026960785947712413 0.23886486216216216
2 0.33668536723856207 0.5557961351351351 0.03894335375816991 0.25782213513513513
2 0.4639316809640523 0.592525831081081 0.046023966503268 0.34152108918918916
2 0.4931632279411765 0.578582404054054 0.033769063725490225 0.3013373324324325
2 0.33039307598039214 0.5934729256756757 0.03894335620915034 0.31624717027027033
2 0.36899047303921567 0.5788725216216216 0.033496730392156865 0.30349887027027034
2 0.39498243504901964 0.5737976527027028 0.035403049836601294 0.266991072972973
2 0.29042442034313726 0.5618526878378378 0.032135074346405265 0.2695739162162162
