1 0.9463993276143791 0.5649571608108108 0.10556735784313721 0.13838999729729734
1 0.8943477042483662 0.5631078662162162 0.10130088888888901 0.13176658108108108
1 0.8258973161764707 0.5619018148648648 0.0946275392156863 0.14191437567567566
1 0.5061285065359477 0.5077341027027027 0.02780354901960789 0.08196225405405404
0 0.7180535600490195 0.6315168391891891 0.13422464297385622 0.41900191621621624
0 0.9238837275326799 0.6382319 0.15059855800653593 0.4968465945945946
0 0.2434697757352941 0.6018348851351351 0.07177615441176471 0.31459111621621627
2 0.15739333210784315 0.46757264324324316 0.017086218137254885 0.12840030810810812
2 0.14981159232026145 0.5036504081081081 0.022453776143790842 0.18489461081081077
2 0.12332532107843139 0.4939166418918919 0.030645598039215682 0.18851764054054057
2 0.840776954248366 0.700597081081081 0.08729599836601312 0.5934004324324323
2 0.8519313104575165 0.6638058418918918 0.07974575490196084 0.5430752351351352
2 0.9507813047385619 0.6781896391891892 0.0968034035947713 0.6238651000000001
