1 0.9468815776143792 0.5677988702702702 0.10460285784313718 0.13867965945945948
1 0.8943983709150327 0.5628677378378378 0.10200049836601308 0.13179804324324323
1 0.8257782463235294 0.5623216067567568 0.0947024714052287 0.1419891324324324
1 0.5061965788398693 0.5073346648648649 0.027881165849673168 0.08195354594594595
2 0.1648187320261438 0.47551704864864863 0.013746357843137266 0.1276588108108108
2 0.23629595710784312 0.49930769729729735 0.017369010620915056 0.15158098918918914
0 0.4702398120915033 0.508250927027027 0.02967533006535944 0.16976910270270273
2 0.21211562418300653 0.4779900391891892 0.016214772875816966 0.12243464054054053
2 0.32273996650326797 0.5593521 0.03566504738562092 0.26753005945945935
2 0.35063453880718953 0.5553805324324324 0.028412639705882335 0.2554218108108108
2 0.37760391380718955 0.5652723675675676 0.0592551723856209 0.2792941513513514
2 0.5303068950163399 0.5959950662162162 0.04917789624183 0.3779402567567567
2 0.5532181968954248 0.5923755567567567 0.04047639542483657 0.33135015675675666
2 0.3841880318627451 0.6046756027027027 0.04484369117647061 0.3548277837837837
2 0.42286470710784313 0.591712027027027 0.03765394035947715 0.3357900756756757
2 0.4504488263888889 0.5905589986486486 0.03394781290849668 0.2924520351351352
2 0.32630747671568633 0.5715457554054054 0.0325267181372549 0.2932870891891893
