1 0.9469040910947711 0.5679308527027027 0.10455783088235296 0.13869288378378375
1 0.8944006817810456 0.5628565351351351 0.10203249591503262 0.13179942162162167
1 0.8257727071078431 0.5623411337837837 0.0947059517973857 0.14199260810810815
1 0.5061997442810457 0.5073160891891891 0.027884772875816956 0.08195314054054048
2 0.16399091666666668 0.47522509999999996 0.013474307189542475 0.12753157297297293
2 0.24152331331699345 0.4978211378378379 0.019562335784313725 0.14737148648648654
0 0.4562339828431372 0.5019411432432432 0.028082300653594797 0.15663042702702704
2 0.21331880964052286 0.476817022972973 0.013354271241830069 0.12031821891891892
2 0.3112599644607843 0.5562148945945946 0.03375981617647061 0.2604516648648649
2 0.3372178553921568 0.5508340864864865 0.027445640522875802 0.24958841081081082
2 0.365929777369281 0.5616883256756757 0.05674114950980392 0.2707626945945945
2 0.5026967867647059 0.6010102702702702 0.049546764705882304 0.36597556216216215
2 0.5405261629901961 0.5865489108108108 0.04322336846405227 0.3192380378378379
2 0.36422300816993464 0.6011192418918919 0.03846169934640526 0.33974322432432436
2 0.3991773100490196 0.5866341324324325 0.05188426225490194 0.3230898486486487
2 0.4303016147875817 0.5844532662162162 0.035565090686274524 0.28238922972972974
2 0.314804125 0.5678779945945945 0.029538965686274496 0.28435757837837833
