1 0.9464831944444444 0.5654533716216217 0.10539962418300644 0.1384412459459459
1 0.894356676879085 0.5630660824324324 0.10142451388888887 0.13177233243243244
1 0.8258765506535949 0.5619750310810812 0.09464062254901966 0.14192741351351348
1 0.5061403807189543 0.507664427027027 0.02781709313725493 0.0819607405405405
0 0.5599247573529411 0.6244987135135135 0.10272065686274512 0.36385498378378384
0 0.6216658680555556 0.5860037554054054 0.11346598774509797 0.34433123513513514
0 0.3466558892973856 0.5374838229729729 0.031159701797385624 0.16947673243243241
2 0.15745956413398693 0.46708003783783786 0.017235687091503277 0.12831567567567567
2 0.02434399387254902 0.5441984108108108 0.04868798774509804 0.30601196216216214
2 0.1782312589869281 0.49972553243243234 0.02015250490196078 0.16882177837837836
2 0.1531769742647059 0.49230670135135135 0.017973855392156866 0.17204643513513507
2 0.6760623513071895 0.6466362364864865 0.044389977124182946 0.4878578135135135
2 0.7040434526143791 0.6281953945945946 0.05310457352941177 0.4546423783783784
2 0.7976764011437908 0.6377676662162163 0.06209150653594771 0.5298263270270271
2 0.8198997867647059 0.6901146837837838 0.07135076143790853 0.6098114918918919
