1 0.9468140816993463 0.567402822972973 0.1047378496732026 0.13863985135135132
1 0.8943914138071896 0.5629013283783784 0.10190421486928107 0.131793872972973
1 0.8257948627450981 0.5622630283783784 0.0946920277777779 0.14197869459459458
1 0.5061870812908497 0.5073903959459459 0.0278703406862745 0.08195476486486486
2 0.16326577859477123 0.4745275716216216 0.012387277777777771 0.128199727027027
2 0.21695703676470587 0.5032872391891892 0.01889152614379086 0.1665960567567568
0 0.5265509665032679 0.523094195945946 0.043730310457516415 0.2209838297297297
2 0.20383917851307187 0.47856788243243237 0.015164845588235288 0.12903954864864864
2 0.36340375857843144 0.5661930000000001 0.03256125571895426 0.28717525945945943
2 0.3869957614379085 0.5610020608108108 0.03112916993464052 0.2742717810810811
2 0.42698859926470584 0.5696923635135136 0.03524464624183003 0.303352672972973
2 0.6196175453431372 0.624279585135135 0.051515571078431306 0.42796918108108106
2 0.6264447904411764 0.6092994283783784 0.05033619035947711 0.37754675405405413
2 0.45206902165032675 0.6341269081081081 0.05603071977124181 0.40480607567567567
2 0.4892643325163399 0.6113992756756758 0.04084308986928104 0.37998825405405406
2 0.5223900004084967 0.6049557202702703 0.04192665277777777 0.3335658621621621
2 0.37971288766339867 0.5840739594594595 0.03665970669934642 0.3237883891891892
