1 0.9469209808006535 0.5680298270270271 0.10452405147058827 0.13870278918918919
1 0.8944024125816993 0.562848131081081 0.10205646241830073 0.13180044594594595
1 0.8257685531045751 0.5623557770270271 0.09470856209150316 0.14199521891891892
1 0.5062021184640523 0.5073021567567567 0.02788747875816994 0.08195283243243238
2 0.1641292806372549 0.47500651216216216 0.015250544934640538 0.12743624054054054
2 0.24845799632352944 0.4973836621621621 0.017429193627450965 0.14436402702702697
0 0.4461609877450981 0.49982555405405404 0.026214098039215674 0.14746362162162163
2 0.2158799440359477 0.47528764864864864 0.014433551470588227 0.11890467027027021
2 0.3076686376633987 0.5539688054054054 0.029956425653594743 0.2553838864864864
2 0.3324538574346405 0.5475581689189188 0.02587145996732023 0.24538487297297298
2 0.3576085261437909 0.5591386702702702 0.05488925490196081 0.2646915783783784
2 0.48585723897058825 0.5988376202702702 0.040849675653594764 0.3541417756756757
2 0.5116501993464052 0.5829357810810811 0.03159041176470586 0.311302545945946
2 0.34880667687908495 0.6002735297297297 0.03839869199346405 0.32879068108108106
2 0.3839321376633987 0.5830707135135136 0.030501087418300644 0.314177518918919
2 0.4173882026143791 0.5794265027027027 0.033496730392156865 0.2756182054054055
2 0.3109609170751634 0.5652166986486487 0.03485838643790851 0.2778278297297297
