1 0.9470280465686275 0.5686564500000001 0.10430991993464052 0.1387652243243243
1 0.8944133190359477 0.5627948662162162 0.10220762009803912 0.13180684054054054
1 0.8257422414215686 0.5624485297297297 0.09472508741830062 0.14201174054054053
1 0.5062171544117647 0.507213922972973 0.027904612745097975 0.0819509
2 0.8088910804738562 0.6635186648648649 0.08844092892156866 0.5079385027027027
2 0.16127888766339868 0.4734330297297298 0.01113426879084967 0.12595804864864865
2 0.23156035539215689 0.47416652027027023 0.013806459150326812 0.11059899189189189
2 0.25339493014705883 0.5419199824324324 0.02342238643790848 0.22796773243243243
2 0.2829019795751634 0.5363099783783783 0.023176232026143787 0.21912297297297298
2 0.30864770996732027 0.5427661932432433 0.04729954901960786 0.23460345135135138
2 0.3872561544117647 0.5705642324324325 0.0387202483660131 0.30017349729729736
2 0.42362339950980393 0.5648784486486487 0.03459285294117648 0.2667911459459459
2 0.2725047532679739 0.5664517391891892 0.03260165359477125 0.27777344054054054
2 0.3080079591503268 0.5643871297297297 0.03133422058823531 0.26744950810810814
2 0.335586743872549 0.5624946175675676 0.029705760620915025 0.23762534324324325
2 0.259147727124183 0.5463928824324324 0.030416624183006565 0.2397882351351352
