1 0.9461929044117648 0.56373215 0.10598020424836595 0.13826227297297294
1 0.8943253267973855 0.5632107472972973 0.10099306699346411 0.131751927027027
1 0.825948533496732 0.5617212202702703 0.09459524019607844 0.1418822351351351
1 0.5060992124183006 0.5079059824324323 0.027770125816993466 0.0819659810810811
2 0.05088739950980392 0.527668222972973 0.033769062091503266 0.25326610000000005
2 0.156031664624183 0.4687904945945946 0.012254902777777776 0.12860771891891892
2 0.032684495506535946 0.5187397216216216 0.03404139460784314 0.24806532432432438
2 0.01401266339869281 0.5075629567567568 0.02802532679738562 0.24795703783783782
2 0.963143901143791 0.6473313959459459 0.07207821078431367 0.48166752162162163
2 0.3444180665849673 0.48431292162162165 0.010620914215686277 0.10151795135135137
