1 0.946472006127451 0.5653872243243243 0.10542200081699345 0.13843443243243245
1 0.8943554836601307 0.5630716567567569 0.10140807026143789 0.13177157297297298
1 0.8258793194444445 0.5619652689189188 0.09463887908496722 0.14192567297297304
1 0.5061387973856208 0.5076737175675675 0.02781528758169929 0.08196094324324323
0 0.5727928537581699 0.6280703445945947 0.10984478267973857 0.3753557540540541
0 0.6508109844771242 0.589235954054054 0.11974806045751638 0.359300227027027
0 0.33855278104575165 0.5423654648648649 0.03387039705882351 0.18059369189189192
2 0.15745167647058822 0.4671456810810811 0.017214132352941176 0.12832697837837842
2 0.0200108852124183 0.5441507094594595 0.0400217704248366 0.3058978405405406
2 0.17522144689542482 0.500225577027027 0.02151416176470589 0.17075205135135135
2 0.1517301123366013 0.4922268594594595 0.02559912826797384 0.17407285405405407
2 0.7026910339052287 0.6504988189189189 0.07080609885620913 0.49991161621621616
2 0.7070074501633987 0.6318430972972973 0.05228758006535948 0.4651717783783784
2 0.8274149897875818 0.6439974175675676 0.06672113316993471 0.5445372567567568
2 0.8482629669117647 0.6900200364864865 0.10403050245098033 0.6145545216216216
