1 0.9465279660947712 0.5657179202702702 0.10531008088235294 0.13846845675675676
1 0.8943614387254902 0.5630437824324325 0.10149017156862745 0.1317753540540541
1 0.8258654750816994 0.5620140797297297 0.09464759885620914 0.14193436486486485
1 0.5061467136437908 0.5076272662162162 0.027824316176470586 0.08195993243243244
0 0.4989748014705883 0.593372695945946 0.07202401797385616 0.30470177027027034
0 0.5484235624999999 0.5688535486486487 0.0781062687908496 0.2922482540540541
0 0.37238032312091507 0.5220269567567567 0.02383098937908496 0.13593071351351352
2 0.15681026429738562 0.4668175810810811 0.010348584150326788 0.12827040540540538
2 0.05193416748366013 0.5308058716216216 0.0337690637254902 0.2733723918918919
2 0.18943825816993465 0.4978338081081081 0.019880174836601313 0.16151832972972968
2 0.1658665408496732 0.48857356891891895 0.018790849673202614 0.1641653594594594
2 0.6147669746732026 0.6294674135135135 0.056372549019607844 0.44484132972972984
2 0.6461329407679739 0.6151177243243243 0.04030501225490189 0.41689440540540534
2 0.7257871331699347 0.6217949554054055 0.08169934640522876 0.48443937567567574
2 0.727030350490196 0.6659194148648648 0.07652505718954244 0.5443400027027027
