1 0.9464887892156862 0.5654864432432433 0.1053884346405228 0.13844465405405398
1 0.8943572728758171 0.563063295945946 0.10143273202614392 0.13177271081081085
1 0.8258751662581699 0.5619799135135135 0.09464149428104573 0.14192828108108108
1 0.506141172385621 0.5076597824324324 0.02781799673202621 0.08196064054054053
0 0.5516848043300654 0.6200613310810811 0.09824609395424841 0.35627778648648656
0 0.6107004517973856 0.5843279689189189 0.10946182189542483 0.33766802972972976
0 0.35035673692810454 0.535261695945946 0.029950694444444443 0.1644161810810811
2 0.15569882475490196 0.46704722027027035 0.014660438725490199 0.1283100189189189
2 0.02678133905228758 0.5431361351351351 0.05356267810457516 0.3020670540540541
2 0.17852612050653593 0.49947973648648647 0.021464425653594774 0.1678729216216216
2 0.1546305612745098 0.49234577567567567 0.019693900326797385 0.17105063783783783
2 0.6735997928921569 0.6447727027027027 0.058205433823529454 0.482042681081081
2 0.690574455882353 0.626432727027027 0.04956657843137254 0.44955436756756767
2 0.7906130514705882 0.6351402121621621 0.062064941176470594 0.5231061972972973
2 0.8080112316176471 0.6867771378378379 0.07530300408496743 0.6007798486486488
