1 0.9469942181372548 0.5684586108108107 0.10437757679738571 0.13874556216216216
1 0.8944098843954249 0.5628116932432432 0.10216000408496725 0.1318048405405406
1 0.825750550245098 0.5624192405405406 0.09471987009803916 0.14200652432432426
1 0.5062124064542484 0.5072417851351352 0.027899201797385656 0.0819515108108108
2 0.8991776258169935 0.6909391310810811 0.08594062745098048 0.5642277972972973
2 0.16441733210784315 0.4747908486486487 0.014390357026143772 0.12645882702702707
2 0.22605115482026145 0.4744901081081081 0.012571379901960767 0.11318554594594592
2 0.266660824754902 0.5429765716216216 0.02267234722222221 0.23564597567567566
2 0.3020341805555556 0.5413787121621622 0.04243809313725491 0.2263429054054054
2 0.32057261764705886 0.5481921054054054 0.05158666503267976 0.24404778918918912
2 0.4160186303104575 0.5770468554054055 0.04274476552287577 0.31578444594594596
2 0.44772929820261437 0.5697673432432433 0.03305740196078433 0.2799722486486487
2 0.29476068586601306 0.5758932364864864 0.03759991258169934 0.2918900621621621
2 0.33095969117647056 0.5696575175675676 0.032160749999999995 0.2806307378378379
2 0.3577879072712418 0.5667633000000001 0.032758638071895406 0.24872741081081082
2 0.28487920506535946 0.5553602229729729 0.03124915196078432 0.2509758675675675
