1 0.9464776000816995 0.5654202986486486 0.10541081290849671 0.13843784054054048
1 0.8943560804738562 0.5630688702702703 0.10141629330065371 0.1317719513513513
1 0.8258779350490196 0.5619701500000001 0.0946397508169935 0.14192654324324316
1 0.5061395890522876 0.5076690716216217 0.02781619117647057 0.08196084054054055
0 0.5662723210784313 0.6262690675675676 0.10635559967320263 0.36954766486486484
0 0.6359563909313726 0.5875855648648648 0.11651993382352943 0.35165671351351346
0 0.342728410130719 0.5398471148648648 0.03246265849673201 0.17485869459459455
2 0.15745562050653597 0.46711285810810804 0.01722491911764704 0.12832132702702703
2 0.02371225816993464 0.5428422689189188 0.04742451633986928 0.30598311621621616
2 0.1767812540849673 0.49997412972972977 0.02091147875816994 0.16978142702702703
2 0.15265411111111113 0.4922670648648649 0.021892870915032683 0.173053772972973
2 0.6896956605392157 0.6485444027027027 0.05790593218954245 0.49381243243243245
2 0.7056995208333333 0.6299983851351352 0.05302553676470593 0.45984682972972973
2 0.8124308545751634 0.6404634810810811 0.06480370261437902 0.5367213567567568
2 0.8344614035947713 0.6906459905405405 0.08820092647058825 0.6133026135135135
