1 0.9463881535947714 0.564890981081081 0.10558970588235295 0.13838314054054054
1 0.8943465036764707 0.5631134337837838 0.10128435539215683 0.13176580810810815
1 0.8259000849673203 0.5618920527027027 0.09462579411764703 0.14191264054054054
1 0.5061269227941176 0.5077433932432432 0.027801742647058782 0.08196245675675676
0 0.7483551960784314 0.6295675662162162 0.14053169934640525 0.42351592702702695
0 0.9546826797385621 0.6515343189189189 0.0890006535947712 0.5011844486486485
0 0.21564967442810457 0.6201206621621622 0.08488413480392157 0.3549763297297298
2 0.1540165714869281 0.46763837297297306 0.0107574550653595 0.12841156756756758
2 0.145107591503268 0.5041623918918919 0.022610558823529404 0.1875094864864865
2 0.11898489746732027 0.49462602567567565 0.027654940359477128 0.19098748918918917
2 0.8660581703431373 0.7005502256756756 0.09039097303921569 0.5934941432432432
2 0.8718332544934639 0.6720625040540541 0.07317402859477116 0.5527624783783784
2 0.9633088521241829 0.6799290202702702 0.0717483088235295 0.6245375594594594
