1 0.9472087414215686 0.5697109513513513 0.10394853022875822 0.13886923783783783
1 0.8944314812091504 0.5627050013513514 0.10245973039215676 0.1318172135135135
1 0.8256979232026144 0.5626047486486486 0.09475289705882359 0.14203957837837836
1 0.5062424758986929 0.5070653283783784 0.027933456699346427 0.08194763513513516
2 0.8054399477124183 0.6383872297297297 0.07039751143790851 0.4560053621621621
2 0.8189173092320262 0.641481527027027 0.0437225171568628 0.3961421081081081
2 0.5108863263888889 0.5881765297297297 0.04190570343137249 0.3293074594594594
2 0.22996565482026143 0.5111144472972973 0.01749140277777781 0.18566531621621624
2 0.26452108782679734 0.5121676202702702 0.021299244281045737 0.18296937027027027
2 0.2769211687091503 0.5264683810810811 0.027374806372549 0.189129854054054
2 0.273337408496732 0.5442714337837837 0.024329588235294138 0.2384845648648649
2 0.3113645216503268 0.5464022175675676 0.028704254084967365 0.2143087810810811
2 0.1896711960784314 0.5262012324324324 0.027862478758169943 0.21612925945945946
2 0.2190207696078431 0.5285376310810811 0.024336665032679727 0.21167348918918916
2 0.24873926307189542 0.5361254121621621 0.020499027777777803 0.18993024594594596
2 0.2475992716503268 0.525122818918919 0.02168004493464054 0.1922826162162162
