1 0.9470844632352942 0.5689860972972973 0.10419708660130711 0.13879788108108104
1 0.8944190224673202 0.5627668040540541 0.10228673774509807 0.13181013783783788
1 0.8257283925653595 0.5624973472972973 0.0947337802287581 0.14202044054054053
1 0.5062250678104575 0.5071674864864865 0.027913627450980416 0.08194988108108112
2 0.6871618308823529 0.6302814243243243 0.06651616503267976 0.4331797567567567
2 0.23739018545751633 0.5316660108108109 0.04313081535947709 0.21465467567567564
2 0.28157944321895423 0.5299382310810811 0.02015683905228757 0.20744653783783787
2 0.2987873035130719 0.5364189472972973 0.025864237745098037 0.21949500270270264
2 0.3489413149509804 0.5653343716216217 0.03984063316993462 0.27940153783783783
2 0.38629550326797385 0.5576736797297298 0.030213913398692813 0.24733943513513515
2 0.238612875 0.5563009054054054 0.028567204248366045 0.25750203783783787
2 0.27342385416666665 0.5529075878378378 0.02726879983660134 0.2478374837837838
2 0.30148074305555556 0.555769177027027 0.027427053104575126 0.22081325675675678
2 0.251419654003268 0.5388578878378378 0.024045945261437898 0.22226287297297292
