1 0.9466400249183007 0.5663789945945946 0.10508596323529414 0.13853609729729727
1 0.8943732724673203 0.562987977027027 0.10165347467320263 0.13178277027027027
1 0.8258377855392157 0.5621117054054054 0.09466503022875818 0.14195174594594592
1 0.5061625449346405 0.5075343729729729 0.027842369281045772 0.08195790810810807
0 0.4119990580065359 0.5399830337837838 0.03709771078431368 0.18384149459459453
0 0.4431232185457517 0.5260820189189189 0.04154120996732028 0.18298355135135133
0 0.4080064452614379 0.5008653743243243 0.015068633986928101 0.09106711621621626
2 0.15654005718954248 0.46654068648648644 0.012527233660130702 0.12800848108108115
2 0.13795437091503268 0.5169181932432432 0.028050111111111112 0.21881452162162165
0 0.8906817291666667 0.6321859243243243 0.15812644526143785 0.5321313459459459
2 0.21383243831699347 0.4935562716216216 0.01742919362745101 0.14576632162162168
2 0.18464116176470588 0.48483195 0.016339869281045753 0.14766540270270265
2 0.49093712745098045 0.6014595256756756 0.03812636111111108 0.3654004135135135
2 0.5254229244281046 0.5810569459459459 0.033769061274509744 0.3451317027027027
2 0.5638005723039217 0.6010702499999999 0.052559912581699286 0.399559927027027
2 0.9697323619281045 0.6940449729729731 0.0589012892156863 0.6065046486486486
2 0.9687222683823529 0.6706804608108108 0.060921476307189484 0.5279851162162162
2 0.7597796058006535 0.7003121459459459 0.09313725571895425 0.5939703027027027
2 0.7610357246732026 0.6845319594594594 0.08224400653594768 0.5638247891891892
2 0.7812956825980392 0.6653645135135134 0.06154684395424839 0.47138190270270264
2 0.5568858043300654 0.6258328864864865 0.04166666421568628 0.43373251891891884
