1 0.9471578737745099 0.5694144837837838 0.10405026552287573 0.13884012972972973
1 0.8944263991013072 0.5627302945945947 0.10238913807189551 0.13181434594594596
1 0.8257103880718955 0.5625608108108108 0.09474507843137257 0.14203175135135135
1 0.5062353545751634 0.5071071202702703 0.027925346405228823 0.08194855405405406
2 0.89716802001634 0.6623697364864866 0.08769063316993467 0.5032338513513513
2 0.9124527757352943 0.6715419554054054 0.07026143872549029 0.43665833783783786
2 0.5687749775326797 0.6056671621621622 0.04139433741830071 0.36628717297297303
2 0.22969201756535948 0.521373822972973 0.019607843954248364 0.19730138108108114
2 0.2595511266339869 0.5203497364864865 0.021264722222222244 0.1923029918918919
2 0.2801274795751634 0.5309298418918919 0.02178649183006533 0.20145942972972972
2 0.299798222630719 0.5523249459459459 0.03104575245098039 0.2560457135135136
2 0.33866258455882353 0.5500306945945946 0.02941176388888889 0.22606492972972975
2 0.20583964379084968 0.5349762081081081 0.026688452614379056 0.23198312432432439
2 0.23594109477124184 0.5386330094594595 0.024782135620915063 0.2258193648648649
2 0.26512919321895423 0.5444500743243244 0.026688453431372564 0.20139259729729733
2 0.2467115919117647 0.5295506783783783 0.03373427859477123 0.20341585945945947
