1 0.9467073488562093 0.5667754351351351 0.10495131535947705 0.1385764162162162
1 0.8943803239379085 0.5629544567567567 0.1017508782679739 0.13178712432432432
1 0.825821170751634 0.5621702810810811 0.0946754836601308 0.14196217837837838
1 0.5061720433006536 0.5074786378378378 0.027853199346405216 0.08195669189189186
0 0.38958788031045755 0.5235085405405405 0.022425082516339883 0.13989741621621624
2 0.15769874346405227 0.466875672972973 0.013071895424836602 0.12787448648648647
2 0.17430052859477121 0.5095537878378378 0.024782133986928113 0.1951368837837838
0 0.6722719093137255 0.5657764391891892 0.07496152124183002 0.36290814864864857
2 0.21707741993464053 0.48591170135135137 0.016884531045751626 0.1380864135135135
2 0.19172588071895424 0.4818422702702702 0.015250544117647053 0.13993409189189188
2 0.43163598366013073 0.5873668391891892 0.043300655228758166 0.3295826891891891
2 0.4699076123366013 0.5716734662162162 0.04793028349673209 0.31677504594594597
2 0.5089101327614379 0.5864375297297297 0.046568629901960874 0.35592695675675673
2 0.7967536699346405 0.6592889810810811 0.06862745098039216 0.5456335783783784
2 0.8096480473856209 0.6471351716216216 0.08442265522875811 0.4728969594594595
2 0.6111134035947712 0.6538921486486486 0.05991285130718958 0.5117648702702703
2 0.6263818590686274 0.646157731081081 0.06427015114379082 0.4764147486486486
2 0.6705657389705882 0.6347162959459459 0.04575163480392157 0.4058741486486486
2 0.4710626356209151 0.6117901986486486 0.047113287581699324 0.3872093324324325
