1 0.9472426740196078 0.56990855 0.10388066503267976 0.1388885810810811
1 0.8944348574346406 0.5626881297297298 0.10250665604575167 0.1318191027027027
1 0.8256896131535947 0.5626340405405406 0.09475810866013072 0.14204480000000003
1 0.5062472230392157 0.5070374689189189 0.02793886437908499 0.08194702432432427
2 0.7481997017973856 0.6255804554054054 0.05616410620915033 0.42729919729729743
2 0.7783992299836601 0.6294392324324324 0.04798899754901958 0.3716158702702704
2 0.47331005596405235 0.5796520945945945 0.04044055800653593 0.30834596216216226
2 0.23762984844771246 0.5058373945945946 0.02761970179738566 0.17795595675675677
2 0.2724726458333333 0.5196051027027027 0.018207482843137248 0.18263663783783785
2 0.2633622446895425 0.5371174972972973 0.028883399509803953 0.2279163729729729
2 0.2960236225490196 0.5433795108108108 0.028888653594771243 0.20769704864864869
2 0.18465421895424836 0.520639077027027 0.0229058545751634 0.20564332702702703
2 0.21386659354575166 0.5241039135135136 0.02173633578431373 0.20205226486486483
2 0.24134982230392155 0.5318213148648648 0.020782479575163385 0.18194386756756759
2 0.2461861401143791 0.521027435135135 0.027728708333333317 0.18423694594594597
