1 0.9468084599673203 0.5673698108108108 0.10474909313725492 0.13863652432432433
1 0.8943908325163399 0.5629041256756757 0.10189617156862744 0.13179352162162158
1 0.825796247140523 0.5622581459459459 0.09469115767973864 0.141977827027027
1 0.5061862900326797 0.5073950391891892 0.027869439542483603 0.0819548675675676
2 0.1631036723856209 0.4743927351351351 0.011437908496732025 0.1282493729729729
2 0.21572440890522876 0.5030067162162162 0.018246187091503278 0.16788006486486487
0 0.5318531907679739 0.5247851459459459 0.044609500816993476 0.2260993081081081
2 0.2029789730392157 0.4792992959459459 0.016067537581699362 0.12961140270270272
2 0.3625880955882353 0.5670093527027027 0.032407408496732036 0.28898065135135137
2 0.4013058692810458 0.5612461594594594 0.035130718954248415 0.27595752972972964
2 0.42642977491830064 0.5704526662162162 0.03867102205882352 0.305752981081081
2 0.6253560923202613 0.6225755783783783 0.062295749999999914 0.43047247027027025
2 0.6292238022875817 0.6103583891891892 0.05364923856209156 0.3812966810810811
2 0.4581638815359477 0.6365621081081081 0.06563180718954242 0.40837343243243246
2 0.49538100081699343 0.613156154054054 0.034586058823529435 0.3842069243243243
2 0.5273109285130718 0.6065208513513514 0.04493463970588236 0.33754190810810814
2 0.38550414583333337 0.5852365621621621 0.03867102532679741 0.32661889189189186
