1 0.9471748255718955 0.5695133162162161 0.10401636192810464 0.1388498432432433
1 0.8944280955882354 0.5627218648648649 0.10241269607843133 0.13181530810810807
1 0.8257062336601307 0.5625754554054054 0.09474768464052281 0.1420343594594594
1 0.5062377283496732 0.5070931891891892 0.027928049836601326 0.08194824864864865
2 0.8617759914215686 0.6551872378378378 0.06699199264705882 0.48522318378378376
2 0.883128412990196 0.6628514243243243 0.05710556127450979 0.42301423243243236
2 0.5523526548202614 0.5978822445945946 0.05013609558823529 0.3510452243243244
2 0.22426050326797387 0.5197199324324324 0.01765425326797387 0.19286096216216214
2 0.2676612128267974 0.5210791445945946 0.030801121732026114 0.18833752162162165
2 0.28147813562091506 0.527075972972973 0.020763217320261432 0.19788267027027026
2 0.2918038272058824 0.5495136162162162 0.03486938807189544 0.24991743243243242
2 0.33173901225490193 0.5488235418918919 0.029789717320261415 0.2219386675675676
2 0.19783470057189542 0.5321444743243243 0.02668112173202614 0.22663590000000003
2 0.23056869934640523 0.5348112864864865 0.023136240196078434 0.22100476756756754
2 0.259712455882353 0.5413307297297297 0.02335214542483657 0.19747115675675672
2 0.24815856331699346 0.5284270094594594 0.017555278594771243 0.1995536891891892
