1 0.9465223680555556 0.5656848554054055 0.10532127696078429 0.13846506216216212
1 0.8943608443627451 0.5630465702702703 0.10148197467320261 0.1317749783783784
1 0.8258668598856209 0.5620091986486486 0.09464672630718951 0.14193349459459456
1 0.5061459219771242 0.5076319121621621 0.027823414215686227 0.08196003513513511
0 0.506150099264706 0.5966457054054054 0.07448112173202615 0.3122878540540541
0 0.5554769746732027 0.5717466716216216 0.08187744444444452 0.29867789999999994
0 0.36963477818627455 0.5236738148648649 0.02452077532679741 0.13938397027027027
2 0.15617492197712418 0.46685037972972976 0.012524061274509809 0.12827606756756754
2 0.04749742197712418 0.5299242608108108 0.03642956127450981 0.27713996486486486
2 0.18764574550653595 0.49806125000000007 0.0207701135620915 0.16239650540540546
2 0.1645971070261438 0.4890937608108108 0.018591609477124172 0.16511483513513514
2 0.6248641580882353 0.6307709310810811 0.051485999183006545 0.450007954054054
2 0.6541855931372549 0.6166325202702704 0.05033408333333325 0.4212666297297298
2 0.7405574995915033 0.6232143135135135 0.06694311683006532 0.48917009729729727
2 0.7395698276143791 0.6686562094594595 0.07281148529411766 0.5517453594594595
