1 0.9462040461601307 0.5637984040540541 0.10595792075163399 0.13826922432432434
1 0.8943265453431374 0.5632051932432433 0.10100981127450985 0.13175273783783784
1 0.8259457647058823 0.5617309810810811 0.09459698692810455 0.141883972972973
1 0.5061007961601307 0.5078966905405405 0.0277719338235294 0.08196578108108107
2 0.045226188725490196 0.5264506054054053 0.04302832189542484 0.2592060648648648
2 0.15508675898692809 0.46872456486486486 0.012527233660130725 0.12859655675675682
2 0.040593394607843135 0.5172349175675676 0.037423534313725484 0.24373948378378382
2 0.01572471405228758 0.5064757635135135 0.03144942810457516 0.24634635945945949
2 0.974252684640523 0.642381381081081 0.049860643790849715 0.4815395351351351
2 0.3453774607843137 0.4836170851351351 0.012254901960784314 0.100646554054054
