1 0.9464049154411763 0.5649902486486487 0.10555618218954252 0.13839342162162163
1 0.8943483039215685 0.5631050824324324 0.10130915196078419 0.1317669702702703
1 0.8258959317810457 0.561906695945946 0.09462841094771238 0.1419152459459459
1 0.5061292977941176 0.5077294581081081 0.027804451797385613 0.08196215405405406
0 0.7042860102124183 0.634546045945946 0.12907261683006532 0.4196690594594595
0 0.9092011548202614 0.6320652472972973 0.17996370343137255 0.4957717756756757
0 0.25525231168300655 0.5941690581081082 0.06652348937908498 0.29765917027027017
2 0.15740341911764708 0.46753978243243244 0.01708498039215686 0.128394672972973
2 0.1517528762254902 0.5033996554054054 0.020697167483660114 0.18361425135135137
2 0.1252557614379085 0.49356881351351345 0.03022875816993464 0.18730653513513512
2 0.8305964828431373 0.7006197810810811 0.08877995751633974 0.5933550324324324
2 0.841510669526144 0.6597433783783784 0.0855119812091503 0.5382320378378378
2 0.9225456200980392 0.6773179081081081 0.07570806372549026 0.623519654054054
2 0.976148341503268 0.6884717405405405 0.046069330065359494 0.6176511135135135
