1 0.9472879432189543 0.5701719567567567 0.10379012663398696 0.13891429189189192
1 0.8944393451797386 0.562665622972973 0.10256905310457519 0.13182159189189188
1 0.8256785326797385 0.5626730959459461 0.09476505555555548 0.1420517594594595
1 0.5062535531045751 0.5070003243243244 0.02794607352941179 0.08194620540540543
2 0.6899722994281046 0.6142204243243242 0.04865677859477121 0.3874674648648649
2 0.7205745870098039 0.6148487878378378 0.038614554738562124 0.3387606459459459
2 0.44215072140522876 0.567653127027027 0.04024591830065365 0.28194011351351356
2 0.24997743790849675 0.5306290324324324 0.026172334967320222 0.21692414594594595
2 0.28080124019607844 0.5331484378378378 0.025719084967320224 0.1963887621621622
2 0.18424241217320264 0.5171429932432432 0.02098656290849674 0.19321550540540539
2 0.20923308374183006 0.5150946081081081 0.019123853758169943 0.1901552648648649
2 0.2412939223856209 0.520367918918919 0.015538349673202603 0.17241715135135133
