1 0.9465447630718954 0.5658171081081081 0.1052764869281046 0.13847863783783787
1 0.8943632205882353 0.5630354175675676 0.1015147434640523 0.13177647837837836
1 0.8258613218954249 0.5620287243243243 0.09465021405228766 0.141936972972973
1 0.5061490882352941 0.5076133324324325 0.02782702450980386 0.08195962702702704
0 0.47756695220588236 0.585940772972973 0.06481438643790849 0.2819201297297297
0 0.5287499399509804 0.5611582351351351 0.06770070996732028 0.2733056594594594
0 0.37987865359477124 0.5175423472972973 0.02199613398692811 0.12652679189189187
2 0.15515722222222222 0.46671920945945944 0.012795349673202613 0.12825340810810815
2 0.06412841421568627 0.5297637472972972 0.040032758169934644 0.2634905540540541
2 0.19428962949346407 0.4970043689189189 0.020640919117647042 0.15893129459459457
2 0.17124521323529412 0.48765938783783785 0.02173060294117646 0.16138644054054058
2 0.5930147214052287 0.6257295824324325 0.049053681372549 0.43002735405405396
2 0.6238908553921569 0.6092000418918919 0.05375632189542492 0.40484206216216223
2 0.6968155155228758 0.617696277027027 0.10246945261437915 0.470778754054054
2 0.9926237083333334 0.6982449256756756 0.013118596405228809 0.5981047432432433
2 0.7009807062908496 0.6538263121621621 0.06525726715686268 0.5268970513513512
