1 0.9466288104575162 0.5663129054054054 0.1051083921568627 0.1385293567567567
1 0.8943720939542483 0.5629935608108108 0.10163719771241826 0.13178203513513514
1 0.8258405547385621 0.5621019418918919 0.0946632875816993 0.1419500081081081
1 0.5061609620098039 0.5075436608108108 0.027840564542483594 0.08195811081081081
0 0.4172162524509804 0.5441296918918919 0.03892709313725492 0.19300635135135136
0 0.45252899918300654 0.5288320040540541 0.04529145751633985 0.19155532702702704
0 0.40557511968954246 0.5022986175675676 0.015686977941176496 0.09415692162162165
2 0.15498135743464053 0.46655572297297293 0.01252723284313724 0.12803960270270268
2 0.12983069444444445 0.5178372148648649 0.03295206862745097 0.22334464054054054
0 0.9354507303921569 0.6408294743243244 0.1274645522875816 0.5468381594594596
2 0.2115626209150327 0.49375895675675674 0.017565359477124183 0.1471988702702703
2 0.1846476719771242 0.4853627162162162 0.01688453186274509 0.1491394486486487
2 0.5065828480392157 0.6037350405405406 0.04030501307189536 0.3720651135135136
2 0.5353833304738563 0.5839453810810811 0.041666665849673205 0.3514585135135135
2 0.5784222062908497 0.6019638027027027 0.05228758088235294 0.4074320054054053
2 0.9853181458333333 0.6953029905405406 0.027729721405228693 0.6039886135135135
2 0.9831126078431371 0.6708198905405406 0.032140797385620895 0.5265224135135135
2 0.7881175232843137 0.7006884891891891 0.09204793055555562 0.5932176162162163
2 0.7862192671568627 0.6928034783783784 0.06372548856209151 0.5823304486486487
2 0.798601841503268 0.6737310864864865 0.05092592483660125 0.485784454054054
2 0.5755014869281045 0.6288224878378379 0.04983659967320262 0.44357568378378376
