1 0.9469998549836602 0.5684915864864865 0.1043663031045752 0.13874884324324327
1 0.89441045751634 0.5628088905405405 0.10216794771241833 0.13180517567567565
1 0.8257491654411766 0.5624241216216216 0.09472073937908504 0.14200739459459458
1 0.5062131977124182 0.5072371418918918 0.027900104575163384 0.08195140810810812
2 0.8796931670751635 0.6853028216216217 0.08632897630718961 0.5539175297297297
2 0.16276130923202614 0.47331676351351354 0.014978213235294103 0.12635203513513518
2 0.22659516299019605 0.4744633824324324 0.012799564542483675 0.11274359729729734
2 0.26483732271241833 0.5429283418918919 0.023420480392156877 0.23424148378378382
2 0.29531559354575165 0.5408188986486486 0.03159041421568629 0.2246930243243243
2 0.3182319321895425 0.5471737675675675 0.05117740196078432 0.24257891351351352
2 0.4105638280228758 0.5754287067567568 0.042755991013071884 0.3128017486486487
2 0.44251868300653585 0.5689193297297298 0.02423747222222219 0.2776859027027027
2 0.2925314526143791 0.5741057040540541 0.038943354575163416 0.28941327837837844
2 0.32688985866013076 0.5687433567567568 0.03458605718954247 0.27834441621621625
2 0.3531138533496732 0.5660269094594594 0.03431372630718954 0.24681291081081086
2 0.2866615469771242 0.5536836918918919 0.03349673120915033 0.24908915675675672
