1 0.9467241903594771 0.5668745216216217 0.10491763235294126 0.1385864648648649
1 0.8943820808823529 0.562946072972973 0.10177516176470601 0.13178819999999997
1 0.8258170171568627 0.5621849256756757 0.09467809640522884 0.1419647864864865
1 0.5061744178921569 0.507464704054054 0.02785590604575166 0.08195638648648645
0 0.3909379550653595 0.5192946189189189 0.02159127777777779 0.13080258918918922
2 0.1586201531862745 0.4686602608108108 0.009833133169934637 0.12807448378378372
2 0.18321886683006536 0.5078310756756756 0.023134344771241835 0.1900001081081081
0 0.6433090388071895 0.5523414891891892 0.06688362990196074 0.33087330810810817
2 0.2185991437908497 0.48621439594594595 0.01570401960784314 0.13628831621621618
2 0.1943363672385621 0.48099015405405404 0.01512329656862746 0.13815242702702704
2 0.4196962009803921 0.5884296364864865 0.03850999509803917 0.32343964054054053
2 0.45198698815359484 0.5691009675675676 0.06338662009803915 0.30957894054054064
2 0.4951979526143791 0.5878570351351352 0.04345598202614377 0.348493972972973
2 0.7727670727124183 0.6593348864864865 0.0662100375816993 0.523433027027027
2 0.7848157471405228 0.639990954054054 0.06668578022875814 0.45951343243243253
2 0.586232502859477 0.6521447162162162 0.05649980473856217 0.4896561729729729
2 0.5996777160947713 0.6397376689189189 0.04235717728758171 0.45816366756756755
2 0.6355021772875817 0.6293987567567567 0.047734413398692804 0.39306758378378376
2 0.4570764158496731 0.6087340918918919 0.04306274346405229 0.3772698486486487
