1 0.9469153504901962 0.5679968364864865 0.1045353120915032 0.13869948918918915
1 0.8944018357843138 0.5628509324324324 0.102048477124183 0.13180010270270273
1 0.8257699374999999 0.562350895945946 0.094707691993464 0.1419943486486486
1 0.5062013272058823 0.5073068000000001 0.027886577614379134 0.08195293513513514
2 0.16381504697712418 0.4750793391891892 0.014017891339869294 0.1274680081081081
2 0.2463681568627451 0.4975274891891892 0.01886798529411767 0.1453527783783784
0 0.44953775040849675 0.5001617351351352 0.026957953431372545 0.15049534594594596
2 0.21508263807189545 0.47590657162162164 0.013770921568627465 0.1193508513513513
2 0.3084120028594771 0.5547077270270271 0.03319168709150326 0.2570510918918919
2 0.3334874930555556 0.5486378175675676 0.02473008251633989 0.2467702675675676
2 0.36034268668300656 0.5599759581081081 0.05550332271241833 0.266685472972973
2 0.49221162418300657 0.5995460851351352 0.04297097222222218 0.3580004513513514
2 0.5211364027777778 0.5840380527027027 0.03675907189542485 0.3138045324324324
2 0.35444769199346404 0.6005493351351352 0.03818860294117645 0.33236223243243246
2 0.38908322222222225 0.5842364864864865 0.04195986764705883 0.31709317837837847
2 0.42134077696078437 0.5810750824324323 0.03460025653594775 0.277838845945946
2 0.3115691687091503 0.5660901189189189 0.031745102124182994 0.27997084864864863
