1 0.947180477124183 0.5695462581081082 0.10400505882352949 0.1388530783783784
1 0.8944286605392157 0.5627190554054055 0.10242054330065352 0.13181562432432434
1 0.8257048484477124 0.5625803391891891 0.09474855310457514 0.1420352297297297
1 0.5062385196078432 0.5070885459459459 0.027928950980392223 0.0819481459459459
2 0.8458700980392158 0.6529055486486487 0.07352941176470588 0.479501627027027
2 0.886227339869281 0.6604649851351351 0.06508714542483666 0.4214514405405405
2 0.5474776932189543 0.5963175783783783 0.05065359395424837 0.34736070270270264
2 0.22203992401960787 0.519181518918919 0.01629195098039216 0.1914099081081081
2 0.2605011025326797 0.5192340108108108 0.018790850490196076 0.1874623027027027
2 0.28258171977124186 0.5258187027027027 0.023148147058823516 0.19670440540540535
2 0.2885552397875817 0.5486057837837838 0.03485838807189544 0.24793804864864863
2 0.32829934395424837 0.548430877027027 0.028594771241830064 0.2205964837837838
2 0.19485373039215687 0.531228777027027 0.026416122549019615 0.22490538648648653
2 0.22913261642156862 0.533319768918919 0.02423747140522873 0.2194231378378378
2 0.2578079554738562 0.5403171216216216 0.02559912826797389 0.19630244324324322
2 0.24113819240196083 0.5283204972972974 0.01851851879084969 0.19842184324324322
