1 0.9470788194444444 0.5689531378378377 0.10420837418300656 0.1387946216216216
1 0.8944184534313725 0.5627696108108109 0.10227883986928105 0.13180981081081075
1 0.8257297773692811 0.5624924662162162 0.09473291094771241 0.14201957027027032
1 0.5062242765522875 0.5071721297297297 0.02791272630718952 0.08194998378378379
2 0.6941821004901961 0.6341349405405405 0.05364923856209147 0.4385441621621622
2 0.23866703267973854 0.5327657216216216 0.04348830228758172 0.2162766
2 0.2766565477941177 0.5306907324324325 0.04084388316993463 0.2086047027027027
2 0.3013129236111111 0.5367648445945946 0.022875817810457513 0.22075102972972976
2 0.35349410702614376 0.5658259081081082 0.04520697222222225 0.2813527135135136
2 0.39064698978758167 0.5583472621621621 0.03404139297385623 0.2491620594594595
2 0.24100006781045752 0.5597741621621622 0.026688452614379056 0.2598459243243244
2 0.27577110089869283 0.5542287378378379 0.02124183088235294 0.24968187027027022
2 0.30459212949346404 0.5566704959459459 0.028594772058823527 0.22244920270270271
2 0.25395671527777774 0.5390156675675675 0.023965141339869267 0.2238900162162162
