1 0.9463434746732027 0.564626218918919 0.10567906372549012 0.1383556594594595
1 0.8943416903594773 0.5631356972972973 0.10121809803921566 0.13176268648648642
1 0.8259111593137256 0.561853004054054 0.09461881372549023 0.14190568918918914
1 0.5061205894607843 0.5077805554054055 0.027794517156862743 0.08196326216216221
0 0.9043258088235293 0.6442632472972973 0.17065503267973856 0.46531588918918926
0 0.04828465931372549 0.7136276472972973 0.09656931862745098 0.5673393
2 0.1546821033496732 0.46790140675675673 0.011165932189542486 0.128456554054054
2 0.12309663316993463 0.5064051283783784 0.02724904248366012 0.19879519189189193
2 0.09629728145424837 0.4976438945945946 0.030648090686274505 0.20140927567567568
2 0.957561320261438 0.6994618594594594 0.08324337254901955 0.5956708756756757
