1 0.9465055763888889 0.565585654054054 0.10535486029411772 0.13845486486486483
1 0.8943590600490195 0.5630549337837838 0.10145736683006525 0.1317738459459459
1 0.8258710130718954 0.5619945554054054 0.094644111111111 0.1419308891891892
1 0.5061435469771242 0.5076458472972972 0.02782070506535949 0.08196033783783782
0 0.5286890763888888 0.6075841837837838 0.08450170016339867 0.33521569189189193
0 0.5800173394607843 0.5794754689189189 0.09508923120915035 0.3184930783783783
0 0.3605222516339869 0.5291581716216216 0.026879147058823494 0.15088367297297295
2 0.1574753329248366 0.46694878783783783 0.017278567810457515 0.12829305135135138
2 0.03794459109477124 0.5404829999999999 0.038671023692810454 0.29016974054054057
2 0.18240354411764706 0.4987587 0.018790849673202614 0.16508929729729724
2 0.15788535498366013 0.4906910662162163 0.019607843954248364 0.16803032702702697
2 0.6485839987745098 0.6374074243243244 0.0462962949346405 0.46559518378378384
2 0.6765888080065359 0.621373577027027 0.05855119771241827 0.43495121891891886
2 0.7481393803104576 0.6276429513513514 0.08496731781045752 0.5039311027027027
2 0.7776526217320261 0.6773317175675675 0.08578431209150328 0.5752205
