1 0.9471917814542483 0.5696121391891892 0.10398245016339874 0.1388595486486486
1 0.8944297892156863 0.5627134337837838 0.10243622712418299 0.1318162621621622
1 0.8257020784313724 0.5625901013513513 0.09475029084967325 0.14203697027027032
1 0.506240102124183 0.5070792594594594 0.02793075326797383 0.08194794054054055
2 0.8298101834150327 0.6450183837837837 0.06644879983660125 0.4731791189189189
2 0.849939223856209 0.6515013283783784 0.06862744934640523 0.4109736243243244
2 0.5255086307189542 0.5932845540540541 0.04602396732026146 0.34021838918918923
2 0.23158282598039215 0.5158958202702704 0.029605954248366054 0.18907140810810813
2 0.2693531846405229 0.5155947405405406 0.016067539215686287 0.18573592432432434
2 0.2801388676470588 0.526107522972973 0.03368562745098042 0.1937470243243243
2 0.2809979064542484 0.5468320202702703 0.028594770424836602 0.24406999729729725
2 0.32843190849673204 0.547659604054054 0.034858388888888855 0.21796018648648652
2 0.19082842810457515 0.529437877027027 0.02559912745098038 0.2215188567567568
2 0.22581228349673202 0.5303986405405405 0.02396514215686273 0.21632141081081077
2 0.25301298325163396 0.5383248108108108 0.022058824346405225 0.19400372972972976
2 0.24715787418300653 0.5280967013513513 0.021241830065359478 0.1961270945945946
