1 0.946623204248366 0.5662798594594595 0.10511960457516346 0.1385259837837838
1 0.8943715040849672 0.5629963527027027 0.10162905555555564 0.1317816675675675
1 0.825841939133987 0.5620970608108108 0.09466241584967322 0.14194913783783789
1 0.506160170751634 0.5075483067567567 0.027839661764705866 0.08195821351351348
0 0.4200160526960784 0.5463619945945946 0.03992345016339866 0.19793970810810813
0 0.45755505678104574 0.5303074486486486 0.04729246486928097 0.19614756756756757
0 0.40429785049019606 0.5030523391891892 0.016014851307189527 0.0957818027027027
2 0.15549376348039215 0.4665632445945946 0.013341010620915033 0.12805516486486482
2 0.12647233333333335 0.5183111472972973 0.03375093464052286 0.22568078108108108
0 0.9519086781045752 0.6437542824324325 0.09454865686274513 0.5477801054054054
2 0.21083942524509802 0.49386180945945946 0.01686917238562091 0.14792575945945943
2 0.18344083986928106 0.48563209864864865 0.01720752450980391 0.14988755945945945
2 0.5098418088235295 0.6049039162162162 0.04470285947712422 0.3754885999999999
2 0.5410484040032679 0.5854295743243244 0.045813134803921594 0.35470937567567573
2 0.584408323120915 0.6024234783783783 0.05827270343137263 0.4114841567567567
2 0.9931693856209151 0.6959317905405404 0.012027241830065396 0.6027310135135135
2 0.9898434509803923 0.6709241918918919 0.01867911111111105 0.5258795945945945
2 0.8118775837418301 0.7002776486486487 0.10308572794117654 0.5940392972972973
2 0.8066587160947714 0.6971461837837838 0.09006063643790854 0.5920463351351352
2 0.8207061899509804 0.6781091121621622 0.05997497467320259 0.4933208891891892
2 0.5808874268790849 0.6306650351351352 0.053437724673202625 0.44928792432432435
