1 0.9468534464869282 0.5676338689189189 0.1046591200980393 0.13866309459459455
1 0.8943954767156862 0.5628817364864865 0.1019604321895425 0.1317963162162162
1 0.8257851699346406 0.5622971999999999 0.09469812091503274 0.14198478378378376
1 0.5061926213235294 0.5073578864864865 0.027876656045751562 0.08195405405405408
2 0.16616587663398694 0.4754684918918919 0.014161220588235277 0.1278530918918919
2 0.22956231944444447 0.5008224567567567 0.01661220098039214 0.15749215135135136
0 0.49112580310457515 0.5155613594594595 0.03368258333333334 0.18915243243243243
2 0.20995226960784316 0.47951658918918916 0.015250545751633976 0.12518701081081085
2 0.3467066662581699 0.5618944702702703 0.035130719771241825 0.2753443297297297
2 0.38232535580065363 0.5593733527027027 0.023420479575163414 0.2630245756756757
2 0.4048871143790849 0.5678770905405405 0.04384531535947714 0.2893675432432432
2 0.5632806650326797 0.6089353702702702 0.03785402941176474 0.3986989135135135
2 0.5752524534313725 0.6003112716216217 0.029139434640522842 0.3478463108108109
2 0.4110977839052288 0.6187422243243242 0.03785403349673205 0.37273711351351346
2 0.449199455882353 0.598913391891892 0.049019607843137254 0.3530573405405406
2 0.48013330923202613 0.5949533486486487 0.040849672385620914 0.30815644324324326
2 0.34814928880718954 0.576467431081081 0.03758170016339869 0.3052694135135135
