1 0.9467747397875818 0.5671717243243244 0.10481653349673202 0.1386165405405406
1 0.8943873386437908 0.5629209094594594 0.10184784885620919 0.1317914081081081
1 0.8258045551470589 0.5622288594594594 0.0946859338235294 0.1419726108108108
1 0.5061815408496732 0.5074229054054055 0.0278640261437909 0.08195547567567572
2 0.16209618300653594 0.47358151216216215 0.012254901960784314 0.12854790000000002
2 0.20221645547385622 0.5021974162162162 0.021241829248366016 0.17603912432432434
0 0.570135102124183 0.5367597351351351 0.05257464052287582 0.26126260540540547
2 0.22259096772875817 0.4842820189189189 0.015250544934640491 0.1311418594594595
2 0.2005844121732026 0.48161305675675675 0.024627948529411768 0.13297594054054054
2 0.39039337949346403 0.5773973027027027 0.027233116830065386 0.30251668648648655
2 0.416690079248366 0.5643597945945945 0.058753844771241806 0.2869580324324324
2 0.4515685821078431 0.5752794621621622 0.04765795343137258 0.320991681081081
2 0.6783950420751634 0.6346246824324324 0.07843137336601307 0.46448541891891887
2 0.6914415751633987 0.6200060202702702 0.07325708006535944 0.4136968945945946
2 0.5055929325980393 0.6488443932432433 0.058006535130718954 0.43558129459459455
2 0.5140809644607843 0.6231230851351351 0.038943355392156924 0.4109344027027026
2 0.5580914881535947 0.6155146716216217 0.03921568709150327 0.35948936486486494
2 0.4035304191176471 0.5926623999999999 0.04030500980392156 0.3446981459459459
