1 0.9467410359477125 0.5669736000000001 0.10488394117647065 0.13859650270270266
1 0.8943838361928104 0.5629376864864865 0.10179941748366023 0.1317892756756757
1 0.825812862745098 0.5621995702702703 0.0946807091503268 0.14196739459459454
1 0.5061767924836602 0.5074507716216216 0.027858612745098012 0.08195608378378375
2 0.1597343484477124 0.47045038513513515 0.011165577614379077 0.12827241351351357
2 0.18941624305555557 0.5061967527027027 0.023965141339869288 0.18512687297297295
0 0.6184803059640522 0.5473940770270269 0.06223828839869281 0.3041396027027026
2 0.21916253104575162 0.4865092216216217 0.016339869281045753 0.13453647027027027
2 0.19084046772875815 0.4801599459459459 0.0166122001633987 0.13641496756756755
2 0.4038115690359477 0.5899277135135136 0.03703703839869275 0.31784027027027034
2 0.44075973937908497 0.5670194459459459 0.061772009803921585 0.30160029729729737
2 0.4835762250816993 0.5824995486486486 0.051470587418300656 0.338547281081081
2 0.7370494616013072 0.6442143054054055 0.07380174019607838 0.49960112432432435
2 0.7462395424836601 0.6326593216216216 0.07434640686274509 0.4432559783783783
2 0.5555135902777778 0.6630824675675675 0.07434640604575163 0.4710821459459459
2 0.5730171348039216 0.6337910608108108 0.045751632352941184 0.4412591054054054
2 0.6096403999183007 0.6244063540540541 0.046023966503268 0.38104418378378374
2 0.441355265114379 0.6032566202702703 0.04575163316993464 0.3655941972972973
