1 0.9471465747549019 0.5693485891891892 0.10407286356209158 0.13883364324324324
1 0.8944252671568628 0.5627359135135135 0.1023734183006537 0.13181370270270273
1 0.8257131580882353 0.5625510472972973 0.09474334068627446 0.14203000810810815
1 0.5062337716503268 0.5071164067567567 0.027923543300653567 0.08194875945945941
2 0.9099708263888889 0.6695317486486486 0.05610021650326795 0.5158074324324324
2 0.9254803786764705 0.6730935297297297 0.04983660049019599 0.44748749189189185
2 0.5869512246732026 0.6096858405405405 0.061274509803921566 0.37601591351351354
2 0.22980345465686275 0.5225097040540541 0.02614379003267974 0.2003356297297297
2 0.2659248276143791 0.5198326837837838 0.03721116013071898 0.1949836864864865
2 0.2812318778594771 0.5323974445945946 0.01906318055555554 0.2036766027027027
2 0.31025402736928104 0.5547820891891891 0.03540305147058822 0.25978154054054053
2 0.3490321887254902 0.5508606743243243 0.031318083333333364 0.22890199189189198
2 0.21049606086601308 0.5369378040540541 0.026143791666666666 0.23568359729729732
2 0.2421250012254902 0.5402142378378378 0.024509803104575165 0.2290572756756757
2 0.2705053594771242 0.5466121175675676 0.027777777777777776 0.20455322972972975
2 0.24596867320261437 0.531682127027027 0.034734648692810476 0.20624992972972975
