1 0.946349058006536 0.564659318918919 0.1056678970588236 0.13835909729729726
1 0.8943422933006535 0.5631329148648648 0.10122639052287585 0.1317630783783783
1 0.8259097749183005 0.5618578851351351 0.09461968545751631 0.14190655945945946
1 0.506121381127451 0.5077759094594594 0.027795420751634027 0.08196316486486485
0 0.881496824754902 0.6405292378378379 0.16601800245098042 0.4580109027027028
0 0.06407237745098039 0.7132341135135135 0.12814475490196078 0.5681263675675676
2 0.15471535620915033 0.4678685162162163 0.011437908496732025 0.12845093513513514
2 0.12579267116013074 0.5060723986486486 0.025599128267973864 0.19727237567567568
2 0.09976769362745098 0.4972671824324324 0.03267974019607843 0.20016432702702702
2 0.9513436613562092 0.6994274148648648 0.09567869035947714 0.5957397648648648
