1 0.9467972181372548 0.5673037878378379 0.10477157679738572 0.13862986756756754
1 0.8943896691176471 0.5629097202702702 0.10188007679738557 0.1317928189189189
1 0.825799016748366 0.5622483837837838 0.09468941584967314 0.14197608648648655
1 0.5061847071078431 0.507404327027027 0.027867634803921612 0.08195507027027026
2 0.16281365277777776 0.4741227486486486 0.011982570261437902 0.1283487567567568
2 0.21055414910130718 0.5024325054054054 0.017973855392156866 0.1705083621621622
0 0.5431919517973856 0.5283963 0.0465577663398693 0.2370995729729729
2 0.2016019493464052 0.48078164324324324 0.011437908496732025 0.13077009729729724
2 0.36839210089869284 0.5696889202702703 0.032135077614379066 0.29307845675675676
2 0.40336700490196076 0.5622572 0.057189070261437894 0.27952949729729737
2 0.4345785772058823 0.5720099121621621 0.034586054738562036 0.3106693054054053
2 0.6402990988562092 0.6239281621621621 0.04575163725490195 0.4392982054054054
2 0.6536519456699347 0.6131698594594595 0.05419389787581694 0.392648454054054
2 0.4761087990196079 0.6415635945945947 0.05691721241830062 0.41570005945945954
2 0.5037039256535948 0.6167895513513514 0.04901960947712418 0.39293158918918913
2 0.5427483913398693 0.6097657513513514 0.03104575163398693 0.345785281081081
2 0.39442082434640524 0.5876237945945946 0.03513071732026144 0.3324309297297297
