1 0.9467354203431373 0.5669405743243243 0.10489517238562095 0.13859315945945946
1 0.8943832512254901 0.5629404824324324 0.10179133578431379 0.13178891621621622
1 0.8258142475490197 0.5621946891891892 0.09467983823529418 0.14196652432432433
1 0.5061760008169934 0.5074554148648649 0.027857710784313747 0.0819561864864865
0 0.39215901143790843 0.5167696554054054 0.02359607679738562 0.12532966216216215
2 0.15996342197712418 0.469853068918919 0.01113773937908498 0.12820666756756763
2 0.18789612377450982 0.5067321297297297 0.02206719362745098 0.1867232648648649
0 0.6263779440359477 0.5478730810810811 0.06337679656862749 0.3125403351351352
2 0.21902699428104572 0.4864118013513514 0.01584310294117646 0.1351153918918919
2 0.19322632066993464 0.4804342972972973 0.015941556372549036 0.13698931351351354
2 0.40995159640522877 0.5894341891891892 0.036472122549019576 0.31968516216216225
2 0.4444407160947712 0.5677012702702703 0.06230143872549019 0.3042137567567568
2 0.4866039289215686 0.5853762581081081 0.046718279411764714 0.3422744621621621
2 0.7503707263071895 0.6490991189189189 0.06712069281045757 0.5073002972972973
2 0.7569687005718955 0.6351455148648648 0.06522261192810451 0.4491581648648648
2 0.564689676879085 0.6595300310810811 0.06216751388888887 0.4771152405405406
2 0.5756851785130719 0.6357239297297297 0.04347310049019603 0.4467536594594594
2 0.6211396960784313 0.6260362216216216 0.0510736454248366 0.38496944324324334
2 0.44516760498366015 0.6055676067567567 0.04059487173202616 0.3700488513513513
