1 0.9468872054738562 0.5678318675675675 0.10459160212418302 0.1386829675675676
1 0.8943989489379084 0.5628649378378379 0.10200850245098035 0.13179838918918915
1 0.8257768615196078 0.5623264891891891 0.09470334232026141 0.14198999999999995
1 0.5061973700980392 0.5073300216216217 0.027882066993464065 0.08195344324324319
2 0.16448866380718954 0.47544400810810816 0.013071896241830062 0.12762698918918916
2 0.2370340469771242 0.49892814999999996 0.01633986846405229 0.15050622432432437
0 0.46653136151960783 0.5065770135135135 0.02924058088235296 0.16628424324324326
2 0.21274055882352944 0.4776928716216216 0.014978214052287565 0.12189860270270272
2 0.31980686560457516 0.5585519229729731 0.03485838643790847 0.26572463513513517
2 0.34687219199346403 0.5542241243243243 0.02750544607843139 0.2539381081081081
2 0.3746205637254902 0.564355681081081 0.058621913398692806 0.2771123567567567
2 0.5192427079248367 0.5972793851351352 0.03921568709150327 0.37487639729729727
2 0.552478381127451 0.5908778527027027 0.035675383169934606 0.3282368189189189
2 0.37651351143790845 0.602022995945946 0.03948801797385619 0.3514504135135135
2 0.4122113537581699 0.5904055094594595 0.038671024509803906 0.3325223540540541
2 0.4439558553921569 0.5897333040540541 0.031045750000000004 0.2895012837837837
2 0.3198363218954248 0.5706074 0.026416120915032665 0.291002572972973
