1 0.9469716756535947 0.5683266959459459 0.10442266176470583 0.1387324243243243
1 0.8944075898692811 0.5628229081081081 0.10212819934640531 0.1318034972972973
1 0.8257560894607843 0.5623997121621622 0.09471639133986928 0.14200304594594593
1 0.5062092410130719 0.5072603621621621 0.027895594771241868 0.08195191891891895
2 0.9545115584150327 0.7055270486486487 0.08934289624183002 0.5835404972972973
2 0.16410991911764705 0.47375078378378377 0.014226222222222213 0.12685666486486483
2 0.22240314950980392 0.474599 0.013937816993464053 0.11498829189189183
2 0.279405420751634 0.5463192324324325 0.03293818627450978 0.2413732972972973
2 0.3019608623366013 0.5433923675675676 0.03339649591503265 0.23249829729729732
2 0.32563578635620916 0.5517992527027027 0.028499268790849675 0.25002997567567564
2 0.43383476388888886 0.5837596527027027 0.037885671568627474 0.32770973243243245
2 0.46918524387254906 0.5733869783783784 0.037863656045751606 0.28934689189189194
2 0.3111666339869281 0.5833602121621622 0.039387805555555544 0.3022359864864865
2 0.345502283496732 0.5734693608108108 0.0305048480392157 0.29016420270270266
2 0.3739785718954248 0.5698043013513513 0.03066079248366015 0.25662959729729723
2 0.28498238848039215 0.5588939418918919 0.028303491013071874 0.2594220405405405
