1 0.9465727671568627 0.5659824 0.10522047875816999 0.13849557837837834
1 0.8943661846405228 0.5630214689189189 0.101555637254902 0.1317783432432432
1 0.8258543995098039 0.5620531297297297 0.09465457189542478 0.14194131891891895
1 0.5061530461601307 0.5075901081081081 0.027831538398692776 0.0819591243243243
0 0.44910063929738564 0.5713039337837837 0.05219044199346401 0.24902164594594597
0 0.5001455147058824 0.5507073621621621 0.055387722222222144 0.24190874594594594
0 0.3903615955882353 0.511304927027027 0.019551111111111123 0.11344672972972973
2 0.15508396854575163 0.4666310175675676 0.013616558006535962 0.12819531621621622
2 0.08949907066993465 0.5243325810810812 0.03594771160130719 0.249054345945946
2 0.20171921160130718 0.49567960135135136 0.017973856209150325 0.15479902432432435
2 0.17500157475490197 0.4881840878378378 0.018790850490196076 0.15697429459459458
2 0.5600844758986928 0.6180392635135136 0.03622004493464055 0.408561645945946
2 0.5980740743464051 0.6000626243243243 0.049291937908496765 0.38623222702702703
2 0.6627476597222222 0.6113537094594594 0.09813796486928102 0.4496402351351352
2 0.9433209468954249 0.6889245297297297 0.11172411928104584 0.6167455351351352
2 0.9515744366830066 0.699462454054054 0.09521713970588239 0.5956696864864864
2 0.9639051286764706 0.7045226824324323 0.07055575571895431 0.5401139594594594
2 0.6475101956699345 0.643838081081081 0.05473856454248365 0.49534935675675673
