1 0.9469829460784313 0.5683926554054053 0.10440012091503269 0.13873899729729727
1 0.8944087377450981 0.5628173013513513 0.1021441078431373 0.13180417027027025
1 0.825753320261438 0.5624094756756757 0.09471813071895431 0.1420047837837838
1 0.5062108235294117 0.507251072972973 0.027897398692810493 0.08195171351351353
2 0.9288629325980392 0.7028650432432433 0.09172881127450981 0.5860427243243244
2 0.16519197140522876 0.4732306945945946 0.014380781045751643 0.12665695135135133
2 0.22461816462418302 0.47454415270270267 0.013250363562091482 0.11407984594594593
2 0.27281591952614376 0.5441104135135135 0.02687231781045754 0.238486345945946
2 0.3046322883986928 0.542523145945946 0.043353531045751646 0.22971569189189184
2 0.32561793259803923 0.5502661108108108 0.024469308006535927 0.24703910810810803
2 0.4249473982843137 0.5803764891891893 0.03796690277777775 0.3219204378378378
2 0.4575388227124183 0.571505868918919 0.03939790686274508 0.28465951081081087
2 0.3016089693627451 0.5795617000000001 0.03895263153594771 0.29697297297297304
2 0.3389265996732026 0.571531622972973 0.029414996732026157 0.2853178891891892
2 0.3658535400326797 0.5682707864864865 0.030834683006535985 0.25264662162162166
2 0.2850614628267974 0.5570978486486486 0.028169912581699322 0.2551290702702703
