1 0.9467129624183006 0.5668084648648649 0.10494008823529416 0.1385797675675676
1 0.8943809101307189 0.5629516621621622 0.10175897549019601 0.1317874810810811
1 0.8258197859477124 0.5621751621621622 0.09467635457516342 0.14196304864864867
1 0.5061728349673202 0.5074739932432433 0.02785410130718957 0.08195659189189188
0 0.3902069681372549 0.5220421824324324 0.020429066993464053 0.13673778108108112
2 0.1574672348856209 0.46746991351351347 0.010789283496732032 0.12794138378378378
2 0.17717927369281047 0.5089692905405405 0.025627240196078427 0.19339403513513512
0 0.6620509746732026 0.5610203013513513 0.07202856372549019 0.3515674567567567
2 0.21760933782679737 0.4860134932432433 0.0165237181372549 0.13748179729729731
2 0.19242276348039217 0.481555745945946 0.015122714869281038 0.13933518918918922
2 0.4287982446895425 0.589761154054054 0.04231027042483657 0.3262891297297297
2 0.4604676139705883 0.5707399445945945 0.06437601879084967 0.31453845135135133
2 0.5049276086601308 0.5869174243243244 0.04606192320261433 0.3534144378378378
2 0.7859041915849674 0.6550588594594595 0.0707281642156862 0.5373149837837838
2 0.8059702647058823 0.6447079675675675 0.08137144444444447 0.46834999459459453
2 0.6052907892156862 0.6510551391891892 0.06212291176470581 0.503850391891892
2 0.624087712009804 0.6439616608108109 0.05423379983660128 0.4701716405405405
2 0.6545583419117648 0.6329057162162163 0.04273437499999999 0.4015136
2 0.4677753754084968 0.6107537797297297 0.04927194852941174 0.3838385162162161
