1 0.9464272716503267 0.5651225905405405 0.1055114697712418 0.1384071162162162
1 0.8943507013888891 0.5630939432432432 0.10134217238562092 0.13176851351351357
1 0.8258903941993464 0.5619262202702703 0.09463190114379091 0.14191872162162164
1 0.5061324644607843 0.507710877027027 0.027808064542483635 0.08196174864864868
0 0.6498466229575164 0.6457355986486486 0.12990255473856208 0.41939377027027025
0 0.797267375 0.6033113635135134 0.15355447712418313 0.4386502729729729
0 0.2924234321895425 0.5705771716216216 0.05095230392156861 0.24483395945945943
2 0.157420102124183 0.46740836891891896 0.017127156862745095 0.12837213243243245
2 0.16091480147058823 0.5023459432432432 0.02151416176470589 0.17893581081081084
2 0.13548803880718954 0.4926662486486486 0.022331154411764715 0.18267814594594595
2 0.7753011977124182 0.6840471986486487 0.06209150653594771 0.5565755108108109
2 0.7923397900326797 0.6513690391891892 0.058551199346405194 0.515891072972973
2 0.897001077614379 0.6701052148648649 0.06726579084967316 0.6077976027027027
2 0.9476143909313726 0.6872978932432432 0.1031372312091503 0.6199988081081081
