1 0.947225705882353 0.5698097567567567 0.10391460130718952 0.13887891351351353
1 0.8944331703431372 0.5626965662162162 0.1024832066993464 0.13181815945945943
1 0.8256937683823529 0.5626193945945945 0.09475550245098029 0.1420421891891892
1 0.5062448492647059 0.5070513999999999 0.027936160947712393 0.08194732972972975
2 0.7767524285130719 0.6317741432432432 0.0724400857843137 0.44014386486486484
2 0.7918328508986928 0.6372426648648649 0.034586058006535976 0.38303258378378374
2 0.4947585755718954 0.583460654054054 0.043845316176470556 0.3184925729729729
2 0.23745664665032679 0.5074625621621621 0.020424837418300652 0.18205205945945946
2 0.2660745919117647 0.5125002054054054 0.020424834150326802 0.17997654054054052
2 0.2755473733660131 0.5228735162162162 0.025054465686274528 0.18592972432432428
2 0.2691031262254902 0.5433556486486487 0.029956427287581668 0.2321838
2 0.304349364379085 0.5449187702702702 0.029139433006535966 0.2111394378378379
2 0.18765209517973858 0.523235327027027 0.02805011029411765 0.21087838918918925
2 0.21527192034313722 0.5265130135135135 0.023965142973856192 0.20699109729729737
2 0.2454011531862745 0.53397235 0.023692809640522876 0.18593970540540536
2 0.24460618668300657 0.5226425675675676 0.02709604330065358 0.18835916756756757
