1 0.9463658104575163 0.5647586081081082 0.1056343921568627 0.13836941081081075
1 0.894344099264706 0.5631245675675676 0.10125125081699342 0.131764254054054
1 0.8259056217320261 0.5618725283783783 0.09462230392156858 0.14190916486486482
1 0.506123756127451 0.5077619743243243 0.027798129901960764 0.08196286216216214
0 0.8160371090686275 0.6299094743243243 0.1535536691176471 0.43709362972972976
0 0.13327822998366012 0.6756555810810811 0.12934487009803924 0.4776232432432433
2 0.15431525081699346 0.4677698662162162 0.011165901960784298 0.12843407297297293
2 0.13344382598039214 0.5052303702702703 0.026025665032679734 0.19296686486486486
2 0.10904821977124182 0.49610333513513516 0.027889485294117645 0.1961261783783784
2 0.920246515114379 0.6993063797297298 0.10377812009803909 0.5959818351351351
2 0.9244211572712419 0.6821411986486486 0.0792363749999999 0.5830622783783783
2 0.9903102937091504 0.6833906202702702 0.017745425653594802 0.625808154054054
