1 0.9464943843954249 0.5655195148648648 0.10537724428104578 0.1384480567567567
1 0.8943578688725492 0.5630605094594594 0.10144094689542475 0.1317730891891892
1 0.8258737814542484 0.5619847932432432 0.09464236683006537 0.1419291486486487
1 0.5061419636437908 0.5076551364864865 0.027818899509803846 0.08196053783783785
0 0.5437430261437908 0.6157534472972973 0.09370876633986927 0.3490166027027026
0 0.6001193660130719 0.5826820621621622 0.10503311437908494 0.3311426054054054
0 0.3538500522875817 0.5331684513513514 0.028826207516339866 0.1596490810810811
2 0.15746744934640525 0.4670144067567567 0.017257165032679742 0.12830436486486485
2 0.03174257761437909 0.5422268581081081 0.03295206862745098 0.29798836486486485
2 0.17885435906862746 0.49923669594594594 0.022603486111111102 0.16693467297297296
2 0.15577006290849674 0.4917876378378379 0.021241828431372553 0.1700318756756757
2 0.6702731527777778 0.64295225 0.0710784297385621 0.47636219729729734
2 0.6767155212418301 0.6247090459459459 0.04547930392156869 0.444578945945946
2 0.7827947883986928 0.6325785486486486 0.06127451143790849 0.5165543945945946
2 0.7956731887254901 0.6835368851351351 0.07815904411764701 0.5920116027027027
