1 0.9464440437091504 0.5652218351351351 0.10547792565359473 0.1384173675675676
1 0.8943524967320262 0.5630855878378378 0.10136690686274516 0.13176966216216215
1 0.825886241013072 0.5619408635135135 0.09463451797385616 0.14192132702702698
1 0.5061348394607843 0.5076969418918919 0.027810773692810466 0.08196144594594597
0 0.6192740322712419 0.6385759432432433 0.12227505310457518 0.4056956324324325
0 0.7352929105392157 0.5981692472972973 0.1393085808823529 0.4039286621621621
0 0.3129719170751634 0.5579219864864864 0.04299775081699343 0.21601842162162163
2 0.1557570575980392 0.46730983918918917 0.01143437009803921 0.12835520810810808
2 0.1660036368464052 0.5015273405405405 0.022154724673202605 0.17577657297297303
2 0.14046845179738562 0.49201683378378375 0.024520303921568613 0.17935180810810814
2 0.7431952381535948 0.6693207094594594 0.06545869852941176 0.5328530621621621
2 0.7556889628267973 0.6477702554054053 0.06341298447712415 0.49134008378378374
2 0.8742801915849673 0.6618452635135135 0.09576571160130716 0.5853396027027027
2 0.9154189374999999 0.686953791891892 0.101093394607843 0.6206870108108108
