1 0.9469604068627451 0.5682607324324324 0.1044451993464053 0.13872584864864865
1 0.8944064411764705 0.5628285148648648 0.10211227941176466 0.1318028243243243
1 0.8257588594771241 0.56238995 0.09471465196078434 0.1420013054054054
1 0.5062076580882353 0.50726965 0.02789379166666671 0.0819521216216216
2 0.9770712708333334 0.707122272972973 0.044223471405228795 0.5803500486486487
2 0.1631882933006536 0.47459038918918917 0.013674519607843147 0.1270548972972973
2 0.2569916862745098 0.4965110243243243 0.027585088235294146 0.1381750216216216
0 0.4283876915849673 0.49868167702702704 0.019364680555555534 0.12934625675675676
2 0.22057376348039215 0.4745345486486487 0.01404308251633988 0.11586929189189187
2 0.28465493545751636 0.5485792648648649 0.03212046568627451 0.24432077837837843
2 0.3112832708333333 0.5439670094594594 0.04550511029411766 0.23463899729729729
2 0.33380774918300654 0.553369222972973 0.0358661617647059 0.25309157027027035
2 0.4423460755718955 0.5871807621621621 0.04119369035947719 0.3331016054054054
2 0.480706743872549 0.5754147527027027 0.04264013316993461 0.29402675945945944
2 0.3185278717320261 0.5872958094594594 0.0348773300653595 0.3076888405405405
2 0.3538873247549019 0.5754740283783784 0.03378662663398697 0.2951779162162162
2 0.3840734346405229 0.571363972972973 0.035154851307189545 0.2606764756756757
2 0.2856595367647059 0.5602180040540541 0.03117026307189542 0.26358119189189183
