1 0.9472370175653594 0.5698756202702703 0.10389197794117645 0.13888535945945948
1 0.8944342953431372 0.562690941891892 0.1024988423202615 0.1318187864864865
1 0.8256909983660131 0.5626291567567568 0.0947572401960784 0.1420439297297297
1 0.5062464317810457 0.5070421121621621 0.027937963235294093 0.0819471270270271
2 0.7529472160947713 0.6270416175675676 0.04330065441176471 0.4303369054054054
2 0.7836461000816993 0.631991154054054 0.04547930310457513 0.3753524702702702
2 0.48081732883986933 0.5813023054054054 0.03839869362745098 0.3119092162162162
2 0.24084300816993462 0.5063709310810811 0.020152504901960803 0.17930068918918915
2 0.27281953431372546 0.5205347864864864 0.01988017483660129 0.18379503243243245
2 0.26631762418300653 0.541111204054054 0.03159041503267975 0.22980218108108105
2 0.2981567487745098 0.5439536527027027 0.025054466503267987 0.20907719729729732
2 0.1850412614379085 0.5214904310810811 0.022603486928104564 0.2073609918918919
2 0.2139437132352941 0.5248948662162162 0.022331155228758177 0.20367560810810809
2 0.2445500535130719 0.5325283472972973 0.02233115441176469 0.1832578783783784
2 0.245666806372549 0.5215579121621622 0.027525116013071897 0.18559171081081077
