1 0.9464664125816994 0.5653541486486486 0.10543318790849679 0.13843102162162166
1 0.8943548868464053 0.5630744445945947 0.1013998439542484 0.13177119189189185
1 0.8258807034313725 0.5619603878378379 0.09463800653594769 0.14192480270270272
1 0.506138006127451 0.5076783621621621 0.027814384803921562 0.08196104324324321
0 0.58157275 0.6300446878378378 0.11219338888888888 0.3810572405405405
0 0.6662637994281047 0.5909594837837838 0.12316422630718946 0.36728294054054056
0 0.33410466094771246 0.54505465 0.03539542320261439 0.18671763513513517
2 0.15744773161764705 0.4671785067567567 0.01720332598039216 0.12833262432432432
2 0.016186616013071895 0.5454579459459459 0.03237323202614379 0.3058097081081081
2 0.172771522875817 0.5004799243243243 0.022279602941176462 0.17173383783783783
2 0.15006047916666668 0.4921860702702703 0.024796875000000017 0.17510388108108105
2 0.7086905306372548 0.6525011864864865 0.06682677859477124 0.5061606864864865
2 0.7303570482026143 0.6348915621621621 0.049620609477124204 0.47018079999999995
2 0.8374862373366014 0.6476357824324324 0.0695207410130719 0.5525841432432431
2 0.8603090290032681 0.6893743648648648 0.0843649027777778 0.6158458648648648
