1 0.9466568496732027 0.5664781189189189 0.10505231372549018 0.13854619459459458
1 0.8943750388071894 0.5629795986486487 0.10167786519607834 0.13178386216216217
1 0.8258336315359478 0.5621263499999999 0.09466764379084967 0.14195435405405404
1 0.5061649199346405 0.5075204378378378 0.027845076797385588 0.08195760540540536
0 0.40500690032679737 0.5344522391891892 0.0347013905228758 0.17161578108108108
0 0.43249122916666666 0.5221014040540541 0.03611660375816994 0.1710179
0 0.41137375285947714 0.4988836121621621 0.014224758986928121 0.08679479729729726
2 0.15688005964052287 0.46648313918918916 0.013476952614379084 0.12795468378378377
2 0.14825478472222223 0.5153302986486487 0.03026429820261437 0.21236112702702706
0 0.8092990298202615 0.6111727067567567 0.14237177859477135 0.4885237918918919
2 0.2150249227941176 0.4914532175675676 0.01720661029411767 0.1437629054054054
2 0.18597922753267973 0.4840552108108109 0.016478133169934652 0.14550817297297294
2 0.4770859922385621 0.598193777027027 0.04032032924836601 0.35583542972972976
2 0.5111500236928105 0.5789633986486487 0.0448976617647059 0.33879548918918917
2 0.5515672222222222 0.5981240445945947 0.04437774999999997 0.38700640810810816
2 0.9413332949346406 0.6929045891891891 0.11569942320261437 0.6087854162162163
2 0.9439324105392157 0.6744989418918919 0.11050119199346407 0.5308307972972973
2 0.7201877843137254 0.693944635135135 0.08221610947712418 0.5894740162162162
2 0.7292218741830064 0.673065272972973 0.0798809624183006 0.5381709513513514
2 0.751175695261438 0.650873172972973 0.0591910539215687 0.45356782702702697
2 0.5412372009803922 0.6234265837837838 0.056325681372549015 0.42410512432432423
