1 0.9466344174836601 0.56634595 0.1050971781045752 0.13853272702702707
1 0.8943726834150326 0.5629907689189189 0.10164533741830059 0.1317824027027027
1 0.8258391699346405 0.562106822972973 0.09466415849673192 0.14195087837837833
1 0.5061617536764706 0.5075390162162163 0.027841466503267954 0.08195801081081083
0 0.4145468954248366 0.54200595 0.03798667156862743 0.18831262972972979
0 0.44772310416666666 0.5274250783783784 0.04337623774509808 0.18717197297297294
0 0.4068106470588235 0.5015700418918919 0.015371807189542478 0.09258624594594596
2 0.15582128635620915 0.46654820405405406 0.012524038398692804 0.12802404054054056
2 0.13414574959150324 0.517372995945946 0.03071238807189542 0.2210563756756757
0 0.9199766368464053 0.6379599364864865 0.15841273937908498 0.5460353108108108
2 0.2127445727124183 0.4936571175675676 0.017548952614379082 0.14647909459459463
2 0.18462874142156863 0.4850960135135135 0.016660682189542482 0.1483987621621622
2 0.4989664321895425 0.602587095945946 0.0393775653594771 0.36870292702702695
2 0.5306206748366014 0.5824880797297296 0.03787337908496736 0.3482664837837838
2 0.5713027410130719 0.6015128094594595 0.05269334313725493 0.40345800810810817
2 0.9774131339869281 0.6946740729729729 0.0435397450980393 0.6052464486486486
2 0.9760234415849672 0.6707386283783784 0.046319129901960875 0.5272241054054053
2 0.7726539444444445 0.7010454797297296 0.09348122058823531 0.5925036351351352
2 0.7739425616830065 0.6886009662162161 0.07373053513071895 0.5729282513513514
2 0.7901788059640522 0.669484841891892 0.05678691584967324 0.4784748189189189
2 0.5664463206699346 0.6273109391891892 0.045995540032679735 0.4385989216216217
