1 0.9471352773692809 0.5692826905405405 0.10409545833333339 0.13882715405405407
1 0.8944241339869281 0.5627415324324324 0.10235768464052276 0.13181305945945948
1 0.8257159281045753 0.5625412837837838 0.09474160294117653 0.14202827027027023
1 0.5062321895424836 0.5071256945945946 0.027921740196078498 0.08194896216216213
2 0.9384051711601307 0.6784413310810811 0.0672657982026144 0.5267985486486486
2 0.9458975510620915 0.6782917837837839 0.045146002450980355 0.44920641081081075
2 0.5998665669934641 0.6112782783783784 0.05419390032679732 0.3836544702702703
2 0.22337527736928103 0.5236732959459459 0.017973857026143788 0.20343039189189194
2 0.2730904395424837 0.5200238554054053 0.02423747222222219 0.19691495405405404
2 0.2835808774509804 0.5327106337837838 0.015250544117647076 0.20571766216216214
2 0.3107616944444444 0.5578175432432433 0.030773421568627463 0.26309567027027025
2 0.35254832352941173 0.5520235986486486 0.03213507516339868 0.23204943513513515
2 0.2107897847222222 0.5389616229729729 0.028867103758169938 0.23949846216216214
2 0.247221516748366 0.541839364864865 0.028050108660130704 0.232381145945946
2 0.27383402369281046 0.5488428959459459 0.02423747222222219 0.20781397027027032
2 0.24520500898692812 0.5338730972972974 0.03575241013071898 0.2091614756756757
