1 0.9470675334967321 0.5688872148648648 0.10423094607843143 0.1387881
1 0.894417314133987 0.5627752243243244 0.10226303349673209 0.13180915135135135
1 0.825732547385621 0.5624827013513514 0.0947311732026143 0.1420178297297297
1 0.506222693627451 0.5071814175675676 0.02791092320261445 0.08195018648648644
2 0.7245370751633987 0.639734877027027 0.06672113235294115 0.45391750540540543
2 0.24015989624183007 0.5345299162162163 0.04402825816993462 0.21867631351351352
2 0.2783538406862745 0.5322177689189189 0.04230812908496731 0.2109469378378379
2 0.30589981535947713 0.5374679770270271 0.02396514215686273 0.22330434324324322
2 0.35731651674836606 0.5668289432432432 0.029956427287581713 0.2853350648648648
2 0.3950163239379085 0.5597243445945945 0.02941176388888889 0.252888127027027
2 0.24792994199346405 0.5611849675675676 0.03186274673202614 0.2636353459459459
2 0.28376535906862743 0.5569307851351352 0.02941176388888889 0.2534537216216216
2 0.31274405923202614 0.5578997256756757 0.028594772058823527 0.22565230540540543
2 0.25499012826797385 0.5406646581081082 0.02696078431372549 0.2270915378378379
