1 0.9464384526143791 0.5651887540540541 0.10548910784313731 0.13841395135135132
1 0.8943518986928106 0.563088372972973 0.1013586650326798 0.13176928108108102
1 0.8258876258169934 0.5619359824324325 0.09463364542483671 0.14192046216216217
1 0.5061340477941176 0.5077015878378378 0.02780987009803918 0.08196154864864864
0 0.6284583120915033 0.643350841891892 0.1258428905228758 0.4120631540540541
0 0.7549206066176471 0.5997960013513512 0.14398900245098037 0.4148955162162162
0 0.3066575821078431 0.5617957810810811 0.04538329003267974 0.22483917837837836
2 0.15688333660130718 0.4673426797297297 0.011710238562091491 0.12836085135135136
2 0.16382929942810456 0.5017969675675675 0.020424835784313727 0.1768171837837838
2 0.1397743468137255 0.492230777027027 0.023692809640522876 0.18044727837837843
2 0.7606717487745098 0.6745037202702703 0.08469499101307186 0.5399693432432433
2 0.7688178321078432 0.6485213432432433 0.07135076062091507 0.49835803783783783
2 0.8686624628267974 0.6645299486486487 0.09395425081699355 0.592638908108108
2 0.9203989918300653 0.6867104581081082 0.10702614215686275 0.6211736783783783
