1 0.946499980392157 0.5655525851351352 0.10536605228758165 0.13845146216216211
1 0.8943584644607844 0.5630577216216216 0.10144915767973856 0.1317734702702703
1 0.8258723974673202 0.5619896743243242 0.094643239379085 0.1419300189189189
1 0.5061427557189543 0.5076504918918919 0.027819802287581668 0.0819604378378378
0 0.5360828549836602 0.6115967743243244 0.08912289787581695 0.3419998783783784
0 0.5898987704248366 0.5810648851351352 0.10022715849673203 0.32475182972972977
0 0.35715284232026145 0.5311931932432432 0.027778003267973844 0.15515062432432433
2 0.15747139133986926 0.4669815945945946 0.017267875816993475 0.1282987081081081
2 0.04036031086601307 0.5413428256756757 0.03451876879084967 0.2940241756756756
2 0.18075239093137255 0.4989963662162162 0.020768028594771257 0.16600685675675678
2 0.15679366544117648 0.4912361067567568 0.02050319199346406 0.16902517567567565
2 0.6597934857026144 0.6401485283783784 0.05897569362745096 0.47091830000000007
2 0.6767885355392157 0.6230230702702703 0.05235959395424832 0.43971240540540546
2 0.7657675931372548 0.6300802351351351 0.07363705555555555 0.510164681081081
2 0.7869200849673202 0.6803897297297298 0.08256187091503261 0.5834953891891893
