1 0.9465615641339868 0.5659162864864865 0.10524288480392162 0.13848880540540542
1 0.8943649995915033 0.5630270486486486 0.1015392883986928 0.1317776
1 0.8258571687091504 0.5620433675675676 0.09465282924836609 0.14193957837837834
1 0.5061514628267975 0.5075993986486487 0.02782973284313723 0.08195932702702702
0 0.45937840032679744 0.5779828324324325 0.05773012091503274 0.26170346486486495
0 0.5113545690359477 0.5553307216216216 0.05922638643790853 0.2541359081081081
0 0.38643246364379086 0.5136383770270271 0.02045113316993466 0.11834013783783778
2 0.1554309885620915 0.46664610000000006 0.014705882352941176 0.12822648108108103
2 0.08050992442810458 0.5270723527027027 0.03240740931372549 0.2546868297297297
2 0.1997630592320261 0.49620113783783787 0.01960784232026142 0.15642586486486493
2 0.1739221858660131 0.4879776581081081 0.019335512254901953 0.15870988378378378
2 0.574261766748366 0.6215599121621622 0.05174292075163402 0.4165656189189189
2 0.6105625959967321 0.6036148972972973 0.058278865196078375 0.3934670054054054
2 0.6760305567810457 0.6138214554054054 0.09984354330065356 0.45786461891891894
2 0.9621376670751633 0.6926796472972974 0.07409067892156866 0.6092352999999999
2 0.6748319869281045 0.6494378918918919 0.07216775653594774 0.5092667243243244
