1 0.9465335645424838 0.5657509824324324 0.10529888398692805 0.13847185135135137
1 0.8943620330882353 0.5630409945945947 0.10149836519607847 0.13177572972972967
1 0.8258640906862745 0.5620189621621622 0.0946484705882354 0.14193523243243247
1 0.5061475053104576 0.507622622972973 0.027825219771241867 0.08195982972972969
0 0.49148798692810464 0.5907636621621623 0.06947080228758175 0.29670951351351355
0 0.5416387361111111 0.5660285121621622 0.07441436928104571 0.2861697540540541
0 0.37499703676470586 0.5204597689189189 0.02318252450980391 0.13264446756756756
2 0.1559726429738562 0.4667847891891892 0.011025839869281054 0.12826474054054054
2 0.05598104820261438 0.531663845945946 0.04098981535947713 0.2697058432432432
2 0.19123620016339868 0.4975543378378378 0.01954168137254904 0.16064667567567567
2 0.16757727410130718 0.488059322972973 0.020372296568627445 0.1632267432432433
2 0.6077351213235294 0.6281933337837838 0.046893185457516307 0.4397916081081081
2 0.64066008374183 0.6131063999999999 0.05000639787581695 0.41279800540540534
2 0.7112812209967321 0.6204026702702703 0.10426628186274511 0.4797989351351352
2 0.7210868165849673 0.6618004081081081 0.07680871650326797 0.5383989567567568
