1 0.9463937401960784 0.5649240702702703 0.10557853267973855 0.1383865675675676
1 0.8943471041666666 0.56311065 0.10129262336601316 0.13176619729729727
1 0.8258987001633986 0.5618969337837837 0.09462666666666675 0.14191351081081086
1 0.5061277144607843 0.5077387486486487 0.027802646241830067 0.08196235675675678
0 0.7331156033496731 0.6305479283783784 0.13738602369281044 0.4212486135135135
0 0.9395162524509804 0.6445667162162162 0.11933350816993464 0.49829972432432434
0 0.23034993831699346 0.610425991891892 0.07783475245098039 0.3335657135135135
2 0.1532982765522876 0.4676055067567568 0.010620914215686277 0.12840593783783785
2 0.1477736454248366 0.5039046297297297 0.023965140522875805 0.18619289729729727
2 0.12113373366013074 0.4942690162162162 0.030773419934640518 0.18974452432432426
2 0.8507838521241831 0.700573904054054 0.084967320261438 0.5934467864864865
2 0.8635374121732027 0.667912372972973 0.07516340114379094 0.5479193297297298
2 0.9569689113562091 0.6790600202702702 0.08442819035947711 0.6242044081081082
