1 0.9468646973039215 0.567699872972973 0.10463661846405234 0.13866972432432437
1 0.8943966352124184 0.5628761391891891 0.10197646813725493 0.1317970081081081
1 0.8257824003267974 0.5623069621621621 0.09469986111111105 0.1419865243243243
1 0.5061942042483659 0.5073485972972973 0.027878459150326818 0.08195384864864864
2 0.1675431286764706 0.4757363878378379 0.01579520669934639 0.12775433243243245
2 0.23200804125816993 0.5002488 0.020152504084967292 0.15504421621621625
0 0.48227709027777776 0.5130108499999999 0.03159579330065354 0.18100650540540542
2 0.21035811683006536 0.4788976837837837 0.01579520588235293 0.12407137297297297
2 0.33097623651960784 0.5608599121621621 0.04139433741830062 0.2721644783783784
2 0.3500393529411765 0.558932231081081 0.029684094771241818 0.25997855405405407
2 0.3972955596405229 0.5673885891891892 0.04684095915032673 0.2856050594594594
2 0.5501661625816994 0.6035923351351351 0.048474946078431405 0.39012782162162163
2 0.5685071584967321 0.5970440567567568 0.055283227124183064 0.34105469729729726
2 0.3958359897875817 0.612948495945946 0.04057734232026145 0.36536079729729737
2 0.4341807050653595 0.5957902432432433 0.03295207026143789 0.34599011351351344
2 0.47328214950980396 0.5931402000000001 0.038398691176470594 0.3016765513513514
2 0.3400264044117647 0.5744513054054055 0.03649237581699343 0.3003609405405406
