1 0.9469266119281045 0.5680628162162162 0.10451278921568623 0.13870608648648644
1 0.8944029885620913 0.5628453297297297 0.10206444607843135 0.13180078918918917
1 0.8257671678921569 0.5623606594594595 0.0947094321895425 0.1419960864864865
1 0.5062029101307189 0.5072975121621622 0.027888380718954206 0.08195273243243241
2 0.16323221732026144 0.4749337216216217 0.013474959150326815 0.12740448108108107
2 0.249076875 0.49724177837837846 0.01709304248366011 0.14338863243243247
0 0.4429140371732026 0.4995029756756757 0.02550447957516332 0.14455163243243244
2 0.21594395588235293 0.4746733540540541 0.015680174836601325 0.11846188648648646
2 0.3041870906862745 0.5532394054054054 0.030195491830065382 0.253738172972973
2 0.3272127234477124 0.5469908797297297 0.02355218218954245 0.24372488918918922
2 0.3549128370098039 0.5583136094594594 0.05427843055555556 0.26272662972972977
2 0.47960519117647055 0.5981442351351353 0.04433224346405226 0.3503653621621622
2 0.5080821491013071 0.5818509391891892 0.04036612990196078 0.30884012162162167
2 0.34324481821895425 0.6000035675675676 0.04351778513071894 0.32529505405405407
2 0.38014404248366007 0.581926177027027 0.03189378104575162 0.3113149702702703
2 0.41282033333333334 0.5778040716216216 0.03378161437908498 0.2734327756756757
2 0.3047142177287582 0.5643565391891893 0.03418710702614382 0.27571734864864866
