1 0.9467803586601308 0.567204741891892 0.10480529575163403 0.13861987297297299
1 0.8943879215686275 0.5629181135135135 0.1018559101307188 0.1317917621621622
1 0.825803170751634 0.5622337405405405 0.09468680392156865 0.14197348108108104
1 0.5061823325163398 0.5074182608108108 0.027864928104575165 0.08195537567567567
2 0.162890085375817 0.47371697972972976 0.013612116830065349 0.12849806756756757
2 0.20726195465686273 0.5015366824324324 0.019706754084967328 0.17460876486486487
0 0.5627190477941175 0.5345141391891892 0.0506338815359477 0.2550956135135135
2 0.22587906617647058 0.4829942783783784 0.022014478758169972 0.13058504324324322
2 0.20115210294117647 0.48140262837837833 0.024452540849673233 0.1324176675675676
2 0.38332357924836596 0.5754244581081082 0.02654987581699347 0.30010199729729736
2 0.41329662826797386 0.56382375 0.05835603104575166 0.28506414864864865
2 0.4503452026143791 0.5744418945945946 0.04499082843137261 0.31834735135135145
2 0.6730200057189543 0.6337190364864865 0.06768050816993468 0.4593245702702703
2 0.6801118206699346 0.6180587810810811 0.06633239787581695 0.4091476594594596
2 0.4991508043300654 0.6469597162162162 0.04773982271241829 0.4304348594594595
2 0.5156897593954248 0.6214859432432432 0.040831549836601276 0.40628083243243246
2 0.5579005363562092 0.613865477027027 0.041645832516339805 0.35565853783783785
2 0.3986458549836601 0.591368222972973 0.035007992647058825 0.3415472729729729
