1 0.9473615678104575 0.5705998486486487 0.10364287745098039 0.13895588108108103
1 0.8944466033496731 0.5626290256756757 0.10267003349673197 0.13182557567567568
1 0.8256605265522876 0.5627365621621622 0.09477634068627455 0.14206307567567572
1 0.5062638386437909 0.5069399621621622 0.02795778513071895 0.08194487567567567
0 0.30551590236928106 0.6578068554054054 0.08098450735294119 0.3947284891891891
2 0.6195584035947713 0.5939096148648648 0.041122004901960815 0.33575235945945947
2 0.6534425081699347 0.597854931081081 0.028322441176470647 0.295740527027027
2 0.37300799877450985 0.5620509756756757 0.03240740604575165 0.2526499783783784
2 0.23789802614379085 0.5225974702702703 0.026143790849673203 0.1987354216216216
2 0.26732979044117644 0.5250508891891892 0.021241829248366016 0.1796578972972973
2 0.18278411846405226 0.5069179391891893 0.02287581699346405 0.17631727297297298
2 0.20811940359477127 0.5036925662162162 0.01688453267973855 0.17412402972972976
2 0.23287977573529411 0.5102379621621622 0.022682012254901972 0.15885080000000001
