1 0.9467915980392158 0.5672707716216217 0.104782816993464 0.13862653783783777
1 0.8943890870098039 0.5629125189189189 0.10187202369281058 0.13179246486486482
1 0.8258004011437908 0.5622435013513514 0.09468854575163398 0.14197521891891893
1 0.5061839154411766 0.5074089716216217 0.027866732843137253 0.08195517027027031
2 0.1632428533496732 0.4739875972972973 0.01347688970588235 0.12839849729729727
2 0.21140144893790852 0.5021386067567568 0.01807093545751635 0.17185360270270272
0 0.5492632990196078 0.5303354945945946 0.04763973366013077 0.2430069027027027
2 0.20266289869281046 0.48098694324324326 0.013521508169934627 0.1313148
2 0.37230077246732024 0.571570968918919 0.029037739379084965 0.29538372702702703
2 0.40663586764705884 0.5627725878378378 0.057573717320261404 0.2813503594594594
2 0.44199386070261437 0.5728074459459459 0.03841926225490195 0.31318719459459454
2 0.6525784579248366 0.6270955418918919 0.051256005718954334 0.44577680270270265
2 0.6612380196078432 0.6146392662162162 0.05691383006535944 0.39858164054054057
2 0.4844220057189543 0.6433208054054054 0.0473030767973856 0.420498308108108
2 0.5105149640522876 0.6183203675675675 0.04590283006535949 0.39728281081081074
2 0.5505284485294119 0.6111068135135135 0.03748578267973859 0.3490149189189189
2 0.39414068545751635 0.5888495405405405 0.032447387254901955 0.33541517837837836
