1 0.9465671654411765 0.5659493445945946 0.1052316821895424 0.13849219189189188
1 0.8943655923202615 0.5630242581081082 0.10154746405228765 0.13177797027027024
1 0.8258557839052287 0.5620482486486487 0.09465370016339879 0.14194044864864866
1 0.5061522549019608 0.5075947527027027 0.02783063562091505 0.08195922432432427
0 0.4541203888888889 0.5745612040540541 0.05490350653594775 0.25520701351351355
0 0.5060550641339869 0.5535687202702703 0.056645941993464004 0.2483240351351351
0 0.38843741503267976 0.5124470067567567 0.019989415032679776 0.1158417648648649
2 0.15535091911764703 0.4666385567567568 0.014157602941176461 0.1282108972972973
2 0.08517908537581699 0.5262147554054054 0.034483237745098046 0.25188155945945945
2 0.20081189460784313 0.49593900405405406 0.01885425326797386 0.15560819189189187
2 0.17443915441176472 0.4880814351351351 0.019131516339869287 0.15783731891891886
2 0.5673654362745099 0.6197825716216215 0.04414674019607845 0.412524981081081
2 0.6045073741830065 0.6018222797297297 0.05402604575163399 0.3898160513513513
2 0.6693336519607843 0.6125764513513514 0.09898632026143793 0.45371531351351346
2 0.9525876437908496 0.6908060621621621 0.09319072549019612 0.6129824702702703
2 0.6633445678104576 0.6480394945945945 0.0639178055555556 0.5036490486486486
