1 0.9470901074346404 0.5690190567567567 0.10418579820261446 0.13880114054054057
1 0.8944195915032681 0.5627639972972973 0.10229463235294106 0.13181046486486492
1 0.8257270077614379 0.5625022283783784 0.0947346495098039 0.14202131081081082
1 0.5062258590686274 0.5071628432432432 0.027914528594771313 0.08194977837837836
2 0.6797903075980393 0.6265209878378378 0.078431375 0.42794472162162156
2 0.23648857761437908 0.5307346418918919 0.042838526143790835 0.2133467810810811
2 0.2749922348856209 0.5291929594594595 0.03931429493464053 0.20629692432432437
2 0.296275789624183 0.53607675 0.028867100490196067 0.21825243513513512
2 0.34401514950980394 0.5648493094594594 0.034041393790849646 0.2774763216216216
2 0.3817192295751634 0.5570097824324324 0.026143790849673203 0.24554298108108105
2 0.23576962908496735 0.5528893824324325 0.029956428104575175 0.25519850540540545
2 0.27080778513071896 0.5516057743243243 0.03295207026143794 0.24601998108108106
2 0.29819849468954246 0.5548808959459459 0.026143791666666666 0.21920081891891888
2 0.24886796446078432 0.5387023783783784 0.023965142973856192 0.22065920540540537
