1 0.9467522687908497 0.5670396445945945 0.10486147549019602 0.13860318648648645
1 0.8943850049019607 0.562932095945946 0.10181557352941184 0.13178998648648646
1 0.8258100939542484 0.5622093324324324 0.09468245098039221 0.14196913513513515
1 0.5061783754084968 0.5074414824324325 0.027860417483660097 0.0819558837837838
2 0.16018368627450982 0.4716468256756756 0.011982570261437902 0.12840322972972976
2 0.19418613071895427 0.5049523094594595 0.021786493464052276 0.18200291081081085
0 0.6021688165849672 0.5452193243243244 0.06010397794117648 0.2888090918918919
2 0.2188765804738562 0.4867015499999999 0.016067538398692825 0.13339339189189192
2 0.19861678145424838 0.4811076567567568 0.02532774264705885 0.1352507621621622
2 0.3969251311274509 0.5856134864864865 0.03649237336601309 0.3125668216216216
2 0.4335747205882353 0.5656903256756757 0.0607384232026144 0.29650580810810817
2 0.47492681495098044 0.5787735108108109 0.047385621732026144 0.3320230972972973
2 0.7228095261437908 0.6384598513513513 0.0718954248366013 0.48634266486486477
2 0.7232844027777778 0.6282461324324324 0.06209150163398693 0.43294682162162157
2 0.548305008986928 0.6624422540540541 0.06644880228758172 0.45886438918918915
2 0.5585405208333333 0.6300644378378379 0.04684095833333327 0.43066563243243244
2 0.6026953333333334 0.6212442837837838 0.043572985294117676 0.3734289027027027
2 0.43058896568627447 0.5992932878378379 0.04466230882352943 0.3584903324324325
