1 0.9471126887254901 0.5691508824324324 0.104140635620915 0.1388141594594595
1 0.8944218647875818 0.5627527662162162 0.10232618382352943 0.13181176486486487
1 0.8257214677287581 0.5625217567567568 0.09473812663398694 0.14202478918918918
1 0.5062290241013071 0.5071442689189188 0.02791813480392164 0.08194937027027029
2 0.9761259456699346 0.6899029243243242 0.04611412173202611 0.5277115837837837
2 0.9824165085784314 0.6875062851351351 0.03353299591503261 0.4500611
2 0.6341481139705882 0.6148143864864865 0.054466232843137216 0.40675491891891885
2 0.2329853378267974 0.5271199635135135 0.04170211192810457 0.2082706945945946
2 0.2794302316176471 0.5220481635135136 0.019063180555555587 0.20113401891891894
2 0.27839581699346405 0.5344082891891891 0.017790939542483675 0.21262823783783785
2 0.32793744199346403 0.562971304054054 0.03431372549019608 0.2700249702702703
2 0.3678564362745098 0.5544469891891892 0.026143792483660125 0.2386078864864865
2 0.22385644281045752 0.5555295405405405 0.03322440032679738 0.24632449729729727
2 0.2595972050653595 0.5465836486486486 0.026416120915032665 0.23900739459459452
2 0.2856723905228758 0.5508171702702702 0.028322439542483632 0.2127462810810811
2 0.2555110972222222 0.5373595594594595 0.028322441176470602 0.21461552432432426
