1 0.9468759505718954 0.5677658716216216 0.1046141119281046 0.13867634864864864
1 0.8943977928921569 0.5628705391891892 0.10199249101307196 0.13179770000000002
1 0.8257796307189542 0.5623167256756757 0.09470160130718955 0.1419882621621622
1 0.5061957871732026 0.5073393094594595 0.027880263888888812 0.08195364594594592
2 0.16533498937908497 0.475590127027027 0.014433550653594765 0.12769064324324328
2 0.23542925980392157 0.4996927054054054 0.01824618790849676 0.1526712162162162
0 0.47410043790849676 0.5099959621621621 0.030138098039215723 0.1734015513513514
2 0.21128736315359475 0.4782898743243243 0.01742919362745099 0.1229754081081081
2 0.3258859248366013 0.5598489689189189 0.036220044117647045 0.2690572297297298
2 0.35423499632352945 0.5565505243243244 0.029139433823529428 0.2569229135135135
2 0.38063210130718955 0.5662033743243243 0.059891563725490204 0.2815098297297297
2 0.5408674117647059 0.5984741932432432 0.058823529411764705 0.38191732162162156
2 0.5535720988562092 0.5939019337837838 0.04493464052287582 0.33452308378378387
2 0.39171304901960785 0.6073797013513513 0.049836602941176464 0.35827067837837834
2 0.433336470996732 0.5930444621621621 0.0362200416666667 0.3391226216216216
2 0.456557066993464 0.5914016891891892 0.03649237254901958 0.2954635513513513
2 0.3326800555555555 0.572498954054054 0.038398694444444444 0.29560774594594597
