1 0.9466849003267974 0.5666433054054054 0.10499621241830073 0.13856300000000005
1 0.8943779775326797 0.5629656337837837 0.1017184583333333 0.1317856783783784
1 0.8258267091503267 0.5621507554054054 0.09467200000000006 0.14195870000000002
1 0.5061688770424837 0.5074972162162162 0.02784958905228758 0.08195709729729732
0 0.3953512348856209 0.5271133891891892 0.02997689950980389 0.1537505189189189
0 0.41634641094771246 0.49596392567567565 0.013005165032679776 0.08050047297297293
2 0.16135723529411766 0.46635819189189187 0.014148011437908508 0.12785915135135134
2 0.16389131535947712 0.5120010891891892 0.0277777794117647 0.2024342054054054
0 0.7201058594771242 0.5866905189189189 0.0967955588235294 0.4148892486486486
2 0.21395495547385623 0.48731104729729735 0.01579520669934639 0.14055544594594588
2 0.18774098897058822 0.48287895 0.019335510620915028 0.14236682432432432
2 0.45822475204248364 0.5998247608108108 0.04520697140522879 0.3409388621621622
2 0.49002513276143794 0.5746550310810811 0.04370915114379085 0.32535524054054055
2 0.5364536850490196 0.5885588837837838 0.042755991013071926 0.37036802702702704
2 0.8604420245098039 0.6776055540540541 0.1029411732026143 0.5816531027027028
2 0.874566079248366 0.6600379472972974 0.09694989052287588 0.5077163702702703
2 0.6603375571895425 0.6661892851351352 0.08796296568627447 0.5460715918918919
2 0.6899458986928104 0.6555574878378377 0.05582788888888882 0.5031377432432432
2 0.6993498051470588 0.6417838918918919 0.04929193872549023 0.4252477675675676
2 0.5077257107843137 0.616124314864865 0.05800653921568626 0.4013058513513514
