1 0.9472313615196079 0.5698426891891891 0.10390329003267976 0.13888214054054054
1 0.8944337328431372 0.5626937540540541 0.10249102614379087 0.1318184756756757
1 0.8256923835784313 0.5626242756756756 0.09475637173202617 0.1420430594594595
1 0.5062456405228758 0.5070467567567568 0.02793706209150329 0.081947227027027
2 0.7649394321895425 0.62938195 0.058107594771241826 0.4351872837837838
2 0.7877120494281046 0.6345918472972973 0.040186884803921595 0.3791574135135135
2 0.4882604391339869 0.58299105 0.04137414133986934 0.3155556351351351
2 0.23932972630718952 0.5069125905405405 0.020365991830065364 0.18066590000000002
2 0.25928666013071894 0.5125940864864864 0.028965929738562088 0.17901728648648643
2 0.2744843737745098 0.5216984527027027 0.02282695506535945 0.18486241351351348
2 0.2684746821895425 0.5451715175675675 0.03084221895424837 0.23171907297297295
2 0.3012536907679738 0.5444338716216217 0.02720461356209151 0.21010334864864863
2 0.1866548402777778 0.5223557351351351 0.025617497549019586 0.2091058
2 0.21479121609477125 0.5256978121621622 0.02351500735294119 0.20532172702702697
2 0.24526141421568629 0.5332452891891891 0.023264743464052284 0.18458970270270272
2 0.24514020751633986 0.5220962337837838 0.027314253267973883 0.18696564594594595
