1 0.9466961237745098 0.5667093729729729 0.10497376552287581 0.13856970810810812
1 0.8943791515522876 0.5629600445945946 0.10173467401960792 0.13178640270270275
1 0.8258239399509805 0.5621605189189189 0.09467374101307192 0.14196043783783777
1 0.506170460375817 0.507487927027027 0.027851394607843128 0.08195689729729728
0 0.3923405159313726 0.5252261527027028 0.02607993382352944 0.14650987837837837
0 0.418142654003268 0.494911281081081 0.012572422385620959 0.07823115675675675
2 0.16161738398692813 0.46630826621621624 0.014161220588235301 0.12782096486486486
2 0.1691266290849673 0.5107549743243244 0.02641612091503269 0.19871856486486486
0 0.6946891262254903 0.5762644364864865 0.0817090204248366 0.3879165864864865
2 0.21825965686274507 0.485705377027027 0.016067537581699362 0.1393117540540541
2 0.1893837218137255 0.4824229364864865 0.019607843954248364 0.14114727297297297
2 0.4389697430555556 0.5898123472972973 0.03404139624183003 0.33556660810810807
2 0.4862552888071895 0.5735808175675675 0.04248365931372549 0.3213447378378378
2 0.51936785375817 0.58680135 0.03649237418300651 0.3623539108108108
2 0.8454903578431373 0.668154668918919 0.06971677614379088 0.5630680027027027
2 0.8378134117647059 0.6514260851351351 0.0661764705882353 0.48636017027027023
2 0.6388451821895424 0.6598416797297297 0.05310457843137254 0.5283627378378378
2 0.6487807687908497 0.6507294783783784 0.06263616666666673 0.48941179999999995
2 0.6909812279411764 0.6384579851351352 0.05582788725490199 0.4148855756756757
2 0.4973216209150326 0.613918558108108 0.040577344771241794 0.39413165135135125
