1 0.9464105040849674 0.5650233351351351 0.10554500490196071 0.13839684864864862
1 0.8943489035947713 0.5631022972972973 0.10131741176470589 0.13176735675675671
1 0.825894547385621 0.561911577027027 0.09462928431372557 0.1419161162162162
1 0.5061300894607844 0.5077248121621621 0.027805355392156898 0.08196205135135139
0 0.6882204244281045 0.6374998148648648 0.12724492892156852 0.42006771081081085
0 0.8773581842320263 0.6227187418918919 0.1715434616013072 0.4805650621621622
0 0.26589302001633985 0.5872866648648648 0.061933861928104586 0.2824568864864865
2 0.15596878880718953 0.46750692432432434 0.01140985212418302 0.1283890432432432
2 0.1530025191993464 0.5031523013513514 0.02040545669934641 0.18235144594594593
2 0.1275908071895425 0.4933391013513514 0.02792517973856209 0.18612795945945945
2 0.8155496486928104 0.697526895945946 0.06613391503267962 0.586228764864865
2 0.8263816915849673 0.65572545 0.07654151715686276 0.5333916729729731
2 0.9280389734477124 0.6764448540540541 0.07713163153594783 0.6231680864864865
2 0.9687660698529411 0.6881784540540541 0.06083387336601313 0.6182376864864865
