1 0.9467298051470588 0.5669075486486486 0.10490640277777769 0.13858981081081076
1 0.8943826666666668 0.5629432770270271 0.10178324999999995 0.13178855945945944
1 0.8258156323529412 0.5621898067567567 0.09467896732026146 0.1419656567567568
1 0.5061752095588234 0.5074600594594595 0.027856808006535925 0.08195628648648648
0 0.3915596307189543 0.5180059878378378 0.022633514705882343 0.12801177567567562
2 0.1602067357026144 0.4692563581081081 0.011165577614379077 0.12814068918918922
2 0.18613820588235294 0.5072768216216217 0.019880174836601313 0.1883474324324324
0 0.634695882761438 0.5483715837837838 0.0646201968954248 0.32140705945945947
2 0.21889014133986925 0.4863135297297298 0.015250544117647076 0.13569931891891887
2 0.19551735661764705 0.48071102297297297 0.015250544934640538 0.13756844594594597
2 0.4160125702614379 0.5889348635135134 0.03567537908496734 0.3215514945945946
2 0.44818262459150326 0.5683950054054054 0.06283957107843142 0.3068729027027027
2 0.48916105392156867 0.5883170297297298 0.041394336601307154 0.3460845891891891
2 0.7631654665032679 0.6541368797297297 0.059368194444444404 0.5152404351351351
2 0.7678696805555556 0.6377839 0.0552832222222222 0.4553907459459459
2 0.5731970269607843 0.6558853243243243 0.049019611111111104 0.4833045351351351
2 0.5782173006535948 0.6377055135135135 0.040577341503268034 0.4523867459459459
2 0.6321835955882353 0.6277000013513513 0.05555555718954248 0.3889763864864865
2 0.44959112581699345 0.6077499216216216 0.034858388888888946 0.37406906486486485
