1 0.9469660408496733 0.5682937148648648 0.10443393137254893 0.13872913783783783
1 0.8944070159313725 0.5628257121621622 0.1021202410130719 0.13180315945945945
1 0.8257574746732027 0.5623948310810811 0.09471552124183012 0.1420021756756757
1 0.506208449754902 0.5072650054054054 0.027894693627450975 0.08195202162162163
2 0.9631519889705882 0.706666327027027 0.07206203513071896 0.5812619405405405
2 0.16366150204248367 0.4731813702702703 0.01361655800653594 0.12695008648648648
0 0.4266277201797386 0.49863881351351347 0.018240255718954254 0.12711052972972978
2 0.22100087459150325 0.4746267297297297 0.013616558006535962 0.11544792432432432
2 0.28140580024509804 0.5474427459459459 0.033496732843137256 0.24283935675675675
2 0.30949349795751635 0.5436786513513514 0.04495014787581699 0.23356470810810814
2 0.3240462169117647 0.5525795527027026 0.032135077614379066 0.25155177567567566
2 0.4390528129084967 0.5854564324324324 0.04221132843137252 0.3303842594594594
2 0.47566001184640516 0.5743927364864865 0.03867102532679732 0.2916680621621621
2 0.3158357083333333 0.5853104148648649 0.03676470588235294 0.30493804594594587
2 0.34822162990196076 0.5744631135135135 0.03159041339869278 0.2926495945945946
2 0.37847501266339867 0.5705780554054054 0.030501089052287565 0.25863725675675675
2 0.2823946339869281 0.559814845945946 0.028867102941176455 0.26162316216216214
