1 0.9472653051470589 0.5700402621621622 0.10383540277777774 0.1389014486486486
1 0.8944371033496733 0.5626768783783784 0.10253787826797382 0.13182035135135134
1 0.8256840731209151 0.5626535675675676 0.09476158251633983 0.14204828108108114
1 0.5062503880718954 0.507018895945946 0.02794246895424839 0.0819466135135135
2 0.7174433194444444 0.6180310972972973 0.04941140686274509 0.4045714918918918
2 0.745232824754902 0.6221446310810811 0.04746383578431372 0.3547133108108108
2 0.4528609910130719 0.5734113432432433 0.041362799019607835 0.2948701783783785
2 0.28021326960784315 0.5159992108108109 0.031483303921568645 0.1781390378378378
2 0.256202295751634 0.5353537297297297 0.025069513071895394 0.22255642702702702
2 0.2878611405228758 0.5399404878378379 0.02598684640522877 0.20216537567567566
2 0.18470633374183007 0.5186276554054053 0.02404473937908496 0.19921227837837835
2 0.2119794309640523 0.51943655 0.022778224673202622 0.19590973243243237
2 0.24135075816993462 0.5264178527027027 0.018178178104575164 0.17709632162162164
