1 0.9473332414215686 0.570435295945946 0.10369953022875826 0.1389399162162162
1 0.8944438169934641 0.5626431054054054 0.10263125490196083 0.13182405405405406
1 0.8256674522058823 0.5627121513513513 0.0947720008169935 0.14205872432432437
1 0.5062598827614379 0.5069631770270271 0.027953280228758114 0.0819453864864865
0 0.2104528586601307 0.7294510459459459 0.14035270751633988 0.5356925027027026
2 0.6424997185457517 0.600255631081081 0.037290178921568655 0.3536302783783784
2 0.6763543464052287 0.6075334121621621 0.03309900163398696 0.3097740513513513
2 0.39777792238562093 0.5645142675675676 0.035898787581699336 0.2631958216216216
2 0.24120130596405226 0.5263701824324324 0.02740188807189544 0.20572301351351352
2 0.26926695424836605 0.532085222972973 0.023053810457516356 0.18574833243243238
2 0.18396979411764708 0.5066492756756757 0.022419138888888884 0.18241708648648644
2 0.20718740563725488 0.5079337608108109 0.019411322712418272 0.17986242972972968
2 0.23649295710784313 0.5120048202702703 0.021642432189542492 0.16331374324324324
