1 0.9473502357026142 0.570534031081081 0.10366554166666675 0.1389495
1 0.8944454897875816 0.5626346581081081 0.10265453186274516 0.13182496486486486
1 0.8256632965686275 0.5627267986486486 0.09477460457516346 0.1420613324324324
1 0.506262256127451 0.5069492486486487 0.02795598284313725 0.08194508108108109
0 0.2753850318627451 0.6850364 0.09844951960784312 0.44850970810810814
2 0.6336933901143791 0.5953783162162162 0.04520696977124177 0.3427367135135134
2 0.66505575 0.6022819932432433 0.039488016339869224 0.300824564864865
2 0.38552766830065355 0.5629209054054054 0.03730936764705884 0.25643459459459456
2 0.23825473611111114 0.5240755864864866 0.024509803921568627 0.2014736
2 0.26621279942810455 0.5278086743243243 0.024237473039215703 0.18204611621621616
2 0.18386724305555555 0.5061012135135136 0.02314814787581698 0.17869905405405406
2 0.2064620816993464 0.5053609040540541 0.016339869281045753 0.17636616486486487
2 0.23430127001633985 0.5109329364864865 0.022279683823529406 0.16060721891891888
