1 0.9467859779411765 0.5672377581081082 0.10479405718954247 0.13862320810810816
1 0.8943885044934641 0.5629153162162162 0.10186396813725493 0.13179211351351358
1 0.8258017859477124 0.5622386202702703 0.09468767483660127 0.14197434864864864
1 0.5061831241830066 0.5074136162162163 0.02786583006535943 0.08195527027027029
2 0.16374870220588233 0.4738523418918919 0.014978213235294127 0.12844826756756764
2 0.2117976785130719 0.5018400364864865 0.017973857026143812 0.17322023513513513
0 0.5556286572712419 0.5323727527027027 0.04880353349673198 0.2492131756756757
2 0.20348528513071895 0.48119393108108105 0.015522875816993464 0.13186397027027028
2 0.37602089746732026 0.5734825837837838 0.025599129901960765 0.2977246324324324
2 0.40994548692810456 0.563294727027027 0.0579626797385621 0.28319508648648645
2 0.44899060212418307 0.573618 0.041939000000000025 0.3157462054054053
2 0.6643135710784314 0.6303577243243242 0.056100215686274484 0.4524493135135135
2 0.6687007185457516 0.6161537243243244 0.05882353022875817 0.40469688648648644
2 0.49214840522875825 0.6451190297297297 0.03703703594771245 0.4254085837837838
2 0.5170947928921569 0.6198854432432432 0.042211330882352904 0.401731454054054
2 0.5581529571078432 0.6124731486486487 0.043572986111111045 0.352305427027027
2 0.39357053880718956 0.5900974797297297 0.02941176715686274 0.33845346216216216
