1 0.9464328619281045 0.565155672972973 0.10550028921568634 0.1384105351351351
1 0.894351300245098 0.5630911581081081 0.10135042075163415 0.1317688945945946
1 0.8258890102124182 0.5619311013513514 0.09463277369281045 0.14191959189189193
1 0.5061332557189543 0.5077062324324324 0.027808967320261457 0.08196164864864862
0 0.6379057883986928 0.6482183432432432 0.1289118022875817 0.41847928648648647
0 0.7755522512254902 0.6015076743243243 0.14873932924836605 0.42645299729729724
0 0.2998299174836601 0.5659995013513514 0.04802153431372547 0.23441096486486485
2 0.15742405065359477 0.46737552162162166 0.017138094771241844 0.12836649189189195
2 0.16242152328431372 0.5020698148648648 0.02105338807189541 0.1778701864864865
2 0.13770027287581701 0.4924472337837838 0.023150566993464038 0.1815559756756756
2 0.7684180714869281 0.6798256256756757 0.07411962990196082 0.5472741648648649
2 0.7788803137254903 0.6492941297297298 0.06551283823529414 0.5055793783783783
2 0.8829931343954248 0.6672824013513514 0.08119590277777777 0.6001225486486488
2 0.9408771156045751 0.6870042027027027 0.11661178186274515 0.6205861891891892
