1 0.9464608198529412 0.565321072972973 0.10544437336601303 0.13842761081081084
1 0.894354289624183 0.5630772297297297 0.10139161356209152 0.13177081081081082
1 0.8258820882352942 0.5619555067567568 0.09463713398692813 0.14192393783783783
1 0.5061372140522876 0.5076830067567568 0.027813482026143834 0.08196114324324326
0 0.5905999093137254 0.6320795040540541 0.11460776470588234 0.3869335432432432
0 0.6823518145424836 0.5927611283783784 0.12678370588235297 0.3756279486486487
0 0.32935641135620913 0.5479326648648648 0.03705224428104575 0.19327148108108108
2 0.15608213031045753 0.46721133648648655 0.012254901143790829 0.1283382729729729
2 0.1700948084150327 0.5007372216216216 0.022875816176470592 0.1727269837837838
2 0.14802014991830065 0.4921446837837838 0.0236928112745098 0.1761470702702703
2 0.7141322602124183 0.654553295945946 0.06181917075163405 0.5125652351351352
2 0.7533617401960784 0.6380062797297297 0.04629629411764703 0.4752984837837838
2 0.8465320114379085 0.6513832716216217 0.07135075980392151 0.5608724189189189
2 0.8717614027777778 0.6887080297297298 0.06318083169934634 0.6171785351351351
