1 0.9465783696895425 0.5660154567567568 0.10520927369281048 0.1384989621621621
1 0.8943667765522876 0.5630186783783784 0.10156380637254897 0.13177871351351353
1 0.825853015114379 0.5620580121621621 0.09465544362745104 0.1419421864864865
1 0.5061538378267973 0.5075854648648649 0.027832440359477136 0.08195902162162162
0 0.44430333455882354 0.5681995243243244 0.049583953431372514 0.24312552972972973
0 0.4945162655228758 0.5479885864864865 0.05422087418300654 0.2358125621621622
0 0.39220979493464053 0.5102091418918918 0.019134547385620905 0.11114875405405401
2 0.15547477696078432 0.46662347972972973 0.014293433006535943 0.12817973783783784
2 0.09392950735294119 0.5224922054054054 0.03486928921568627 0.24628992432432434
2 0.20312642565359476 0.4954228905405405 0.020504478758169922 0.1539982351351351
2 0.17632166789215686 0.4878886608108108 0.01830179656862745 0.15615395945945942
2 0.5579156450163398 0.6163290216216216 0.0370718864379085 0.4046734108108108
2 0.5915946147875818 0.5983350256756756 0.04842832434640529 0.38271369999999993
2 0.6562698476307189 0.6101526364864864 0.09729837173202606 0.44563740810810804
2 0.9304906384803923 0.6954874567567567 0.1373847361111111 0.6036196810810811
2 0.9427682467320263 0.6987914405405405 0.11282951960784306 0.5970117135135135
2 0.9557401789215686 0.7042919986486486 0.08688565522875823 0.539781272972973
2 0.6405065743464052 0.6397026297297298 0.06214653104575165 0.4871073837837838
