1 0.9468197038398691 0.5674358324324325 0.1047266053921569 0.1386431783783784
1 0.8943919950980393 0.5628985297297298 0.10191225490196067 0.13179422162162166
1 0.8257934779411764 0.5622679094594595 0.09469289869281051 0.14197956486486482
1 0.5061878729575163 0.5073857500000001 0.02787124264705886 0.08195466216216218
2 0.16352943790849672 0.47466230270270265 0.01334422712418299 0.1281501135135135
2 0.21805462336601308 0.5035635027027027 0.01933551143790849 0.16533153513513518
0 0.5209479971405229 0.522063868918919 0.04203687173202613 0.2159762297297297
2 0.20442073774509803 0.47870702162162165 0.014161220588235301 0.12847473513513513
2 0.3637299644607843 0.5653865283783783 0.0324074093137255 0.28539143513513515
2 0.3725783239379085 0.560760922972973 0.02696078349673203 0.27260650540540543
2 0.4268101715686274 0.5694224405405406 0.03159041666666663 0.30127278378378375
2 0.6099528419117647 0.6219510932432433 0.04030501225490199 0.42352747297297305
2 0.6236140208333333 0.6082610837837837 0.04656862826797395 0.3738698648648649
2 0.4457866486928104 0.6317338905405405 0.04602396568627454 0.4013004783783784
2 0.48296525980392163 0.6096805445945946 0.04656862908496732 0.37586120270270273
2 0.5170202745098039 0.6034270229729729 0.03839869281045752 0.3296823972972972
2 0.37374986601307186 0.5829313256756756 0.03431372549019608 0.3210065054054054
