1 0.9464496352124183 0.5652549162162162 0.10546674264705878 0.13842078378378378
1 0.8943530947712419 0.5630828013513514 0.10137514542483668 0.13177004594594596
1 0.8258848570261438 0.5619457445945946 0.0946353905228757 0.1419221972972973
1 0.506135631127451 0.5076922972972973 0.02781167565359473 0.08196134594594591
0 0.6094390118464051 0.6363420324324324 0.11964546650326799 0.3992437783783783
0 0.7165972577614379 0.5966210148648649 0.13470189297385615 0.3935081864864865
0 0.3188288672385621 0.5543407445945945 0.04083181617647062 0.20786364054054055
2 0.15471258210784314 0.46727700135135136 0.011165577614379099 0.12834956486486487
2 0.16815924918300654 0.501260877027027 0.02369281045751634 0.17474814324324325
2 0.1409547781862745 0.4920600783783784 0.025054466503267987 0.17827081081081078
2 0.7251200849673203 0.6642712878378378 0.04547930228758167 0.5259181162162162
2 0.7431626928104574 0.6444432986486486 0.05473856372549019 0.48587431081081073
2 0.8789073700980393 0.659225868918919 0.09640522549019619 0.5782179054054054
2 0.905474803513072 0.6875528432432433 0.09395424754901971 0.6194889081081081
