1 0.9469547732843138 0.5682277486486486 0.10445646650326793 0.13872255675675677
1 0.8944058664215686 0.5628313175675675 0.10210431454248357 0.13180248378378379
1 0.825760243872549 0.5623850675675676 0.0947137818627451 0.14200043783783778
1 0.5062068668300654 0.5072742932432432 0.027892890522875812 0.08195222432432435
2 0.991640762254902 0.7075703810810811 0.01508448856209155 0.5794538324324324
2 0.162880266748366 0.4739616621621622 0.013888888071895427 0.12714512972972974
2 0.254593016748366 0.49662634054054056 0.014705881535947714 0.1390048594594595
0 0.4305842630718954 0.49873650540540543 0.020531294117647078 0.13163423783783784
2 0.21995022508169937 0.47444170945945946 0.01443355147058825 0.11629370540540541
2 0.2874425800653595 0.549729 0.03022875816993464 0.24581780540540538
2 0.31308840236928104 0.5442574648648648 0.04605248447712414 0.23572124324324323
2 0.34364088153594774 0.5541684283783784 0.03948801797385619 0.254649672972973
2 0.4455367573529412 0.5889333081081082 0.03976034803921575 0.3358628054054054
2 0.4856787826797385 0.5764534270270271 0.04629629411764703 0.29642389729729735
2 0.3209971948529412 0.5893173567567568 0.032679739379084964 0.3104896972972973
2 0.3593578966503268 0.5765025527027027 0.035675379901960756 0.2977502837837838
2 0.389515181372549 0.5721623445945946 0.03948801797385619 0.2627479972972973
2 0.28889657924836604 0.5606272324324324 0.0332244003267974 0.2655687351351352
