1 0.9465559632352941 0.5658832283783785 0.10525408660130711 0.13848541891891894
1 0.894364406862745 0.5630298378378378 0.1015311094771243 0.13177722702702704
1 0.8258585531045751 0.5620384864864865 0.09465195751633991 0.14193870810810805
1 0.5061506715686275 0.5076040432432432 0.0278288300653595 0.08195942702702701
0 0.46489203022875825 0.5815814986486487 0.060677937908496675 0.2685350891891892
0 0.5168923386437908 0.5571785864864864 0.06192330147058816 0.2602230918918919
0 0.38434154248366015 0.5148822986486487 0.020938101307189556 0.12094868378378379
2 0.1553629056372549 0.46665364189189185 0.014293451797385615 0.1282420675675676
2 0.07517785539215686 0.5279492716216216 0.03253892483660131 0.2575552945945946
2 0.1978932295751634 0.49646604729729726 0.02090342647058823 0.15725218108108105
2 0.1734836466503268 0.4878727364864865 0.02049605800653595 0.1595921486486487
2 0.5807899076797386 0.6237855459459459 0.05638596732026137 0.42151093513513505
2 0.6116281678921568 0.6054414108108108 0.05339461192810458 0.39718699459459456
2 0.6828412017973856 0.6150893324324325 0.1007097369281046 0.4620902000000001
2 0.971984196486928 0.6945444972972974 0.05439762009803928 0.6055056
2 0.6824751568627451 0.6508677702702703 0.06331379248366013 0.5150110324324324
