1 0.946746652369281 0.567006622972973 0.10487270833333343 0.138599845945946
1 0.8943844203431374 0.5629348905405406 0.10180749754901973 0.13178962972972968
1 0.8258114787581698 0.5622044513513513 0.0946815800653594 0.14196826486486486
1 0.5061775837418301 0.5074461270270271 0.02785951552287583 0.08195598378378377
2 0.15990868014705883 0.4710483054054054 0.01152475571895425 0.12833793513513517
2 0.19199697794117646 0.5056704567567568 0.023005629084967307 0.18355755135135132
0 0.6101268263888889 0.5462816378378379 0.0611259076797386 0.2962818918918918
2 0.21909756576797385 0.4866058013513514 0.0162505187908497 0.13396248918918913
2 0.1982025980392157 0.48063585 0.025502178104575158 0.13583034324324325
2 0.40052433210784316 0.5877527202702703 0.036946026960784334 0.31518200270270263
2 0.4371382173202615 0.5663492283783784 0.0612510718954248 0.2990313594594595
2 0.47871785906862746 0.5800103175675675 0.049716992647058846 0.3359985378378379
2 0.7298364660947713 0.639475581081081 0.07325546650326803 0.4921321081081081
2 0.7348795339052288 0.6304268689189189 0.06852504003267981 0.4380410459459459
2 0.5527396772875817 0.6665460824324324 0.0708603970588236 0.4651994135135135
2 0.5660214473039216 0.6319051243243243 0.04660315277777773 0.43589802702702707
2 0.606459529003268 0.6228093702702702 0.04506264950980396 0.37719812432432426
2 0.43575974632352943 0.601340722972973 0.04545983251633982 0.36226212702702704
