1 0.9473105886437909 0.5703036351351352 0.10374483578431368 0.1389271135135135
1 0.8944415833333335 0.5626543662162162 0.10260017810457528 0.1318228243243243
1 0.8256729922385622 0.5626926229729731 0.0947685285947713 0.14205524054054056
1 0.5062567177287581 0.50698175 0.02794967728758173 0.08194579729729734
0 0.09153069158496732 0.730538845945946 0.18306138316993464 0.5335169027027027
2 0.6636268043300655 0.6069230472972973 0.04542325735294119 0.36978719729729725
2 0.6977689742647059 0.6092618135135135 0.0480860661764706 0.32452810810810806
2 0.41686644566993464 0.5665779027027027 0.038202056372549024 0.2729427513513514
2 0.24597026552287582 0.5252940851351351 0.02684755555555554 0.2111183972972973
2 0.2757999685457516 0.5353080324324324 0.026547410947712378 0.190922572972973
2 0.1828339452614379 0.5120923567567568 0.02200583496732025 0.1876040756756757
2 0.21029329901960786 0.5115036945945947 0.020215890522875812 0.18478660000000005
2 0.24066393586601306 0.5151934027027026 0.01871259722222223 0.16779186486486486
