1 0.9471239824346404 0.5692167891891892 0.10411804820261443 0.13882065945945946
1 0.8944230000000001 0.5627471500000001 0.10234193954248373 0.1318124135135135
1 0.825718698120915 0.562531518918919 0.09473986519607842 0.1420265297297298
1 0.5062306070261438 0.507134981081081 0.027919937908496707 0.08194916756756755
2 0.963276068627451 0.6842414972972973 0.07181387581699353 0.5271350810810811
2 0.971623118872549 0.6828864783783785 0.055119775326797446 0.4494410918918918
2 0.623609158496732 0.6129949081081082 0.050381266339869245 0.39486760540540544
2 0.2236679093137255 0.5253763675675676 0.0288671029411765 0.2058221081081081
2 0.27309895792483657 0.5202186540540541 0.026143791666666666 0.19888399459459458
2 0.28056383823529407 0.5331696864864864 0.016028617647058836 0.20905008108108103
2 0.3201719342320261 0.5609303986486486 0.03594771160130719 0.26649208378378375
2 0.3614079403594771 0.5532185891891892 0.027777776143790855 0.2352835243243244
2 0.21887339379084966 0.5451065162162162 0.032407408496732036 0.24305499459459462
2 0.25279213602941175 0.5441782324324325 0.023965142973856237 0.23564799999999994
2 0.2815078827614379 0.549190672972973 0.023420479575163366 0.20994235675675677
2 0.2475428970588235 0.5356021391891892 0.03881447875816992 0.21188406216216213
