1 0.9466512410130717 0.5664450797297297 0.10506353104575172 0.13854282972972976
1 0.8943744501633988 0.5629823918918919 0.10166973856209141 0.1317834972972973
1 0.8258350163398692 0.5621214675675675 0.09466677287581707 0.14195348648648654
1 0.5061641282679739 0.5075250824324324 0.02784417483660123 0.08195770540540542
0 0.4072361593137255 0.5362122729729729 0.035458513071895494 0.1755065135135135
0 0.4344906842320261 0.5235709067567568 0.03809174918300649 0.17514165675675675
0 0.4102862822712418 0.49952321216216217 0.01449569852941175 0.08817365675675679
2 0.1567682794117647 0.46650814999999995 0.012527233660130725 0.12797380270270267
2 0.1438903733660131 0.516035718918919 0.03567538071895424 0.21446451891891888
0 0.8312651789215687 0.6161498891891892 0.1462003660130719 0.5014408108108108
2 0.21514876838235292 0.4923043945945946 0.017156861928104554 0.14442184864864863
2 0.1858340678104575 0.48431158648648653 0.017429194444444452 0.14622021081081085
2 0.4827157017973856 0.5992633756756757 0.04411764869281045 0.3589681567567567
2 0.510333051879085 0.579305727027027 0.049019607026143795 0.34041637837837846
2 0.5548340629084967 0.599305854054054 0.04738561928104575 0.3911906054054054
2 0.9495821752450979 0.6939663 0.0992016625816994 0.6066619945945946
2 0.9526314636437908 0.672553291891892 0.09310308578431371 0.5297791675675675
2 0.7325070755718954 0.6989167702702702 0.10430283088235301 0.5967610540540541
2 0.7444856486928105 0.6767698121621621 0.0917755964052288 0.5464588945945946
2 0.7728773827614379 0.6555802891891892 0.0705337687908497 0.4593543405405405
2 0.5484279575163399 0.6234181432432433 0.06753812581699344 0.4256023189189189
