1 0.9472596466503268 0.5700073364864865 0.10384671977124182 0.13889823513513513
1 0.8944365420751633 0.5626796905405406 0.10253007761437924 0.13182004054054053
1 0.8256854583333333 0.5626486864864865 0.0947607140522876 0.14204741081081085
1 0.5062495968137254 0.5070235391891892 0.027941567810457493 0.08194671621621617
2 0.7268350236928105 0.6196501716216216 0.06181917156862751 0.40963463513513515
2 0.7501894897875817 0.6237119148648649 0.04084967401960784 0.3590105378378378
2 0.45671656535947713 0.5749198986486487 0.04411764705882353 0.2981276837837838
2 0.28238393504901965 0.5168841662162162 0.023148149509803904 0.17924352162162166
2 0.25761449795751634 0.5357870013513513 0.023692809640522876 0.2238731810810811
2 0.29021863439542483 0.5417013486486487 0.028594770424836602 0.20366276216216217
2 0.1836627883986928 0.5190129364864865 0.022331155228758177 0.20076829459459458
2 0.2108690343137255 0.5207131972972973 0.02260348529411764 0.1974019837837837
2 0.2415978525326797 0.5279713094594595 0.01906318055555554 0.17825901891891893
