1 0.946354641748366 0.5646924175675676 0.10565672957516332 0.13836253783783786
1 0.8943428954248366 0.5631301324324324 0.101234679738562 0.13176347027027022
1 0.8259083905228758 0.5618627675675676 0.09462055882352932 0.14190742702702705
1 0.5061221727941176 0.5077712635135134 0.027796324346405308 0.08196306216216218
0 0.8591836821895424 0.6368937337837839 0.16162676470588241 0.45087394864864866
0 0.07735825939542483 0.714764181081081 0.15471651879084966 0.5650662324324325
2 0.15483910906862747 0.4678356310810811 0.01198297140522876 0.12844531621621622
2 0.12951943913398692 0.5057876432432433 0.02617003513071894 0.19581607567567563
2 0.10403197385620916 0.496873922972973 0.033121047385620925 0.19879991621621623
2 0.9445910637254903 0.6993900351351352 0.10918388562091512 0.5958145243243242
