1 0.9463602258986927 0.5647255135135135 0.10564556127450989 0.138365972972973
1 0.8943434975490197 0.56312735 0.10124296732026142 0.13176386216216213
1 0.8259070065359478 0.5618676472972973 0.09462143137254914 0.1419082945945946
1 0.5061229644607843 0.5077666189189189 0.027797227941176405 0.0819629621621622
0 0.837369260620915 0.6333545405405405 0.1574744101307189 0.4439024054054054
0 0.10329741094771241 0.6964461743243243 0.1475991225490196 0.5234875486486487
2 0.15500787908496733 0.4678027472972973 0.012527233660130725 0.12843969459459464
2 0.13280898815359476 0.505506995945946 0.026416121732026128 0.1943810621621622
2 0.10782996527777779 0.49648601081081084 0.03322440114379084 0.1974539891891892
2 0.9234022177287583 0.6993496986486486 0.08714597140522873 0.5958951972972973
2 0.9227581262254901 0.6828282864864865 0.06535947794117637 0.5842832972972973
