1 0.9470336858660131 0.5686894202702703 0.10429864133986924 0.13876849459459453
1 0.8944138905228758 0.5627920594594595 0.10221554575163404 0.13180717297297298
1 0.8257408566176472 0.5624534121621622 0.0947259566993465 0.14201261351351352
1 0.5062179456699347 0.5072092797297297 0.027905513888888872 0.08195079729729725
2 0.7984744906045752 0.6597637513513513 0.09858387990196076 0.4996619027027027
2 0.1601028443627451 0.47301546081081075 0.008714597222222214 0.12613117027027027
2 0.23318168749999998 0.4740588081081081 0.015250544934640538 0.11018411891891892
2 0.2515009906045752 0.5408301932432432 0.02450980473856209 0.22660714864864862
2 0.2851233684640523 0.5353379743243243 0.024782135620915014 0.21814192162162163
2 0.30702907189542483 0.5419825824324325 0.04623072058823531 0.23294065135135134
2 0.3820409934640523 0.5700080000000001 0.03267974019607843 0.2979631081081081
2 0.4202624636437908 0.5641079445945946 0.03349673120915033 0.26471374864864866
2 0.26954391503267977 0.5656661756756757 0.032679738562091505 0.2756654972972973
2 0.30511140604575165 0.563556468918919 0.03376906372549018 0.2653720351351351
2 0.3328598848039216 0.5618086675675676 0.029956426470588205 0.23583796756756759
2 0.2689551450163399 0.5455786351351352 0.04393494035947716 0.2377977135135135
