1 0.9462096176470588 0.5638315297297297 0.10594677777777778 0.1382726972972973
1 0.8943271544117648 0.5632024162162161 0.10101817810457517 0.13175314054054052
1 0.8259443807189544 0.5617358635135135 0.09459786111111111 0.1418848405405406
1 0.5061015878267974 0.507892045945946 0.02777283741830068 0.08196568108108108
2 0.039354577614379084 0.5258305567567567 0.03711390196078432 0.2621248864864865
2 0.155079045751634 0.46869160540540533 0.012940601307189534 0.12859097297297292
2 0.046170843137254905 0.5165021270270271 0.036202897058823534 0.2416327027027027
2 0.017556140114379087 0.5057758716216216 0.035112280228758175 0.24421299189189186
2 0.9800523778594771 0.639485322972973 0.03826125735294125 0.4827210675675675
2 0.34554123488562094 0.4832736121621622 0.011331092320261442 0.10021638648648648
