1 0.9465895755718954 0.5660815635135135 0.10518686192810453 0.13850572702702701
1 0.8943679599673202 0.5630130986486486 0.10158013725490202 0.13177945675675676
1 0.8258502463235294 0.5620677729729731 0.0946571870915033 0.14194392432432432
1 0.5061554211601308 0.5075761743243243 0.027834245915032686 0.08195881891891889
0 0.43645483251633993 0.562092954054054 0.04585317483660134 0.2309091675675676
0 0.4840221854575163 0.5429382783783784 0.052126758169934694 0.2244867405405406
0 0.3956256719771242 0.5081840837837838 0.018296180555555545 0.10684486486486487
2 0.15573491135620915 0.4666084094594594 0.013885535130718947 0.12814858108108107
2 0.10094100980392157 0.5213769351351352 0.03626900326797385 0.24079263243243246
2 0.20770539460784312 0.4949173702702703 0.02061502124183007 0.15242126486486487
2 0.17859292320261438 0.4873069891891892 0.017208444444444457 0.15453874594594597
2 0.5466254509803921 0.6130040418918918 0.040500287581699365 0.39711386216216216
2 0.5773651294934641 0.5949435094594595 0.04914679656862742 0.37554639729729733
2 0.6436282663398692 0.6078132337837838 0.09564505392156868 0.4378409648648649
2 0.9102775767973856 0.7094423310810811 0.12225105228758165 0.5757099324324324
2 0.9096148390522876 0.6974635729729729 0.116134160130719 0.5996674486486486
2 0.9174506781045753 0.7038316459459459 0.08069511601307186 0.5391174810810812
2 0.6287398729575163 0.6382671837837838 0.0681368112745098 0.4784680324324325
